generation,best_fitness,best_progress,best_block_progress,best_ranking_progress,best_time,best_finished,best_crashes,best_distance,best_steps,best_reward,best_ranking_key,current_mutation_prob,current_mutation_sigma,mutation_decay_trigger,mutation_decay_active,mutation_decay_trigger_generation,effective_mutation_prob_decay,effective_mutation_sigma_decay,cached_evaluations,evaluated_count,rollout_count,mirror_rollout_count,mirror_individual_count,population_size,finish_count,crash_count,timeout_count,terminated_count,truncated_count,virtual_time_sum,cumulative_virtual_time,virtual_steps_sum,cumulative_virtual_steps,generation_wall_seconds,cumulative_wall_seconds,mean_progress,mean_block_progress,mean_ranking_progress,mean_reward,mean_time,mean_physics_tick_count,mean_physics_hz,mean_physics_delay_norm,generalization_test_map,generalization_best_finished,generalization_best_crashes,generalization_best_progress,generalization_best_block_progress,generalization_best_time,generalization_best_distance,progress_min,progress_p10,progress_p25,progress_median,progress_mean,progress_std,progress_p75,progress_p90,progress_max,block_progress_min,block_progress_p10,block_progress_p25,block_progress_median,block_progress_mean,block_progress_std,block_progress_p75,block_progress_p90,block_progress_max,ranking_progress_min,ranking_progress_p10,ranking_progress_p25,ranking_progress_median,ranking_progress_mean,ranking_progress_std,ranking_progress_p75,ranking_progress_p90,ranking_progress_max,time_min,time_p10,time_p25,time_median,time_mean,time_std,time_p75,time_p90,time_max,distance_min,distance_p10,distance_p25,distance_median,distance_mean,distance_std,distance_p75,distance_p90,distance_max,reward_min,reward_p10,reward_p25,reward_median,reward_mean,reward_std,reward_p75,reward_p90,reward_max,fitness_min,fitness_p10,fitness_p25,fitness_median,fitness_mean,fitness_std,fitness_p75,fitness_p90,fitness_max,steps_min,steps_p10,steps_p25,steps_median,steps_mean,steps_std,steps_p75,steps_p90,steps_max,physics_tick_min,physics_tick_p10,physics_tick_p25,physics_tick_median,physics_tick_mean,physics_tick_std,physics_tick_p75,physics_tick_p90,physics_tick_max,physics_hz_min,physics_hz_p10,physics_hz_p25,physics_hz_median,physics_hz_mean,physics_hz_std,physics_hz_p75,physics_hz_p90,physics_hz_max,physics_delay_norm_min,physics_delay_norm_p10,physics_delay_norm_p25,physics_delay_norm_median,physics_delay_norm_mean,physics_delay_norm_std,physics_delay_norm_p75,physics_delay_norm_p90,physics_delay_norm_max
1,7942894481673.106,7.942897251674107,5.714285714285714,7.942897251674107,2.769999999999985,0,1,73.98425836116076,277,7942894.481673107,"[0.0, 7.942897251674107, -2.769999999999985, -1.0]",0.1,0.25,immediate,1,0,1.0,1.0,0,48,48,0,0,48,0,48,0,48,0,127.4199999999994,127.4199999999994,12742,12742,8.597067800001241,8.65347819996532,7.169721864518665,5.654761904761905,7.169721864518665,7169719.2099343315,2.654583333333321,1.0,100.0,0.0,,,,,,,,5.534368242536273,7.142857142857142,7.142857142857142,7.142857142857142,7.169721864518665,0.29936907228254106,7.17449460710798,7.305682591029576,7.942897251674107,2.857142857142857,5.714285714285714,5.714285714285714,5.714285714285714,5.654761904761905,0.4080746785953003,5.714285714285714,5.714285714285714,5.714285714285714,5.534368242536273,7.142857142857142,7.142857142857142,7.142857142857142,7.169721864518665,0.29936907228254106,7.17449460710798,7.305682591029576,7.942897251674107,2.109999999999999,2.629999999999988,2.6599999999999873,2.6599999999999873,2.654583333333321,0.09039170162255977,2.679999999999987,2.7029999999999865,2.769999999999985,47.896825686097145,68.06240584850312,69.31406134553254,69.31460152938962,69.13109896766643,3.585061806740766,70.15419964492321,71.12515271008014,73.98448325693607,5534366.132535272,7142854.472856143,7142854.472856143,7142854.482856142,7169719.2099343315,299368.9882614168,7174491.922106979,7305679.895028576,7942894.481673107,5534366132535.272,7142854472856.143,7142854472856.143,7142854482856.143,7169719209934.331,299368988261.41675,7174491922106.98,7305679895028.576,7942894481673.106,211.0,263.0,266.0,266.0,265.4583333333333,9.03917016225617,268.0,270.3,277.0,1.0,1.0,1.0,1.0,1.0,0.0,1.0,1.0,1.0,100.0,100.0,100.0,100.0,100.0,0.0,100.0,100.0,100.0,0.0,0.0,0.0,0.0,0.0,0.0,0.0,0.0,0.0
2,7942894481673.106,7.942897251674107,5.714285714285714,7.942897251674107,2.769999999999985,0,1,73.98425836116076,277,7942894.481673107,"[0.0, 7.942897251674107, -2.769999999999985, -1.0]",0.1,0.25,immediate,1,0,1.0,1.0,0,48,48,0,0,48,0,48,0,48,0,101.35999999999979,228.77999999999918,10136,22878,2.8043756000115536,11.539656199980527,5.577853747776577,4.107142857142857,5.577853747776577,5577851.63610891,2.1116666666666624,1.0,100.0,0.0,,,,,,,,3.3351462227957587,3.7825028555733815,4.213338579450335,5.087762560163226,5.577853747776577,1.5475023784298787,7.142857142857142,7.632121767316546,7.942897251674107,2.857142857142857,2.857142857142857,2.857142857142857,2.857142857142857,4.107142857142857,1.417366773784602,5.714285714285714,5.714285714285714,5.714285714285714,3.3351462227957587,3.7825028555733815,4.213338579450335,5.087762560163226,5.577853747776577,1.5475023784298787,7.142857142857142,7.632121767316546,7.942897251674107,1.360000000000001,1.5250000000000012,1.6775000000000013,1.9650000000000016,2.1116666666666624,0.4962582213144841,2.6374999999999877,2.7499999999999853,2.9199999999999817,24.25342045724392,28.87717369198799,33.44180654734373,42.80995550751686,49.34232500490422,18.034134677589815,68.37533517740667,73.12579357922077,80.55328597128391,3335144.8627947588,3782501.330572381,4213336.901949335,5087760.595162225,5577851.63610891,1547501.8830420827,7142854.552856143,7632119.024315546,7942894.481673107,3335144862794.759,3782501330572.3813,4213336901949.335,5087760595162.225,5577851636108.91,1547501883042.0825,7142854552856.143,7632119024315.546,7942894481673.106,136.0,152.5,167.75,196.5,211.16666666666666,49.62582213144909,263.75,275.0,292.0,1.0,1.0,1.0,1.0,1.0,0.0,1.0,1.0,1.0,100.0,100.0,100.0,100.0,100.0,0.0,100.0,100.0,100.0,0.0,0.0,0.0,0.0,0.0,0.0,0.0,0.0,0.0
3,8799912423719.703,8.799915313720703,8.571428571428571,8.799915313720703,2.8899999999999824,0,1,79.22157570719719,289,8799912.423719702,"[0.0, 8.799915313720703, -2.8899999999999824, -1.0]",0.1,0.25,immediate,1,0,1.0,1.0,0,48,48,0,0,48,0,48,0,48,0,98.49999999999977,327.27999999999895,9850,32728,3.094274800037965,14.7051277999999,5.427394140334356,4.166666666666667,5.427394140334356,5427392.088250022,2.0520833333333286,1.0,100.0,0.0,,,,,,,,3.2781818934849327,3.4617173331124445,3.7314319610595703,4.967858450753348,5.427394140334356,1.7795781329957745,7.142857142857142,7.826895032610213,8.799915313720703,2.857142857142857,2.857142857142857,2.857142857142857,2.857142857142857,4.166666666666667,1.7455807498351406,5.714285714285714,5.714285714285714,8.571428571428571,3.2781818934849327,3.4617173331124445,3.7314319610595703,4.967858450753348,5.427394140334356,1.7795781329957745,7.142857142857142,7.826895032610213,8.799915313720703,1.340000000000001,1.410000000000001,1.5100000000000011,1.9450000000000016,2.0520833333333286,0.5597765861385068,2.6424999999999876,2.7879999999999847,2.909999999999982,23.716512739658356,25.617561553418636,28.44136461056769,42.129588812589645,47.60981419760113,20.060682163320532,68.58296523243189,74.76425901651383,80.10790088772774,3278180.5534839327,3461715.923111444,3731430.4510585703,4967856.505752347,5427392.088250022,1779577.5770053999,7142854.525356142,7826892.141609212,8799912.423719702,3278180553483.9326,3461715923111.4443,3731430451058.5703,4967856505752.348,5427392088250.022,1779577577005.4001,7142854525356.143,7826892141609.212,8799912423719.703,134.0,141.0,151.0,194.5,205.20833333333334,55.977658613851375,264.25,278.8,291.0,1.0,1.0,1.0,1.0,1.0,0.0,1.0,1.0,1.0,100.0,100.0,100.0,100.0,100.0,0.0,100.0,100.0,100.0,0.0,0.0,0.0,0.0,0.0,0.0,0.0,0.0,0.0
4,8872263646929.803,8.872266496930802,8.571428571428571,8.872266496930802,2.849999999999983,0,1,77.45901593565941,285,8872263.646929802,"[0.0, 8.872266496930802, -2.849999999999983, -1.0]",0.1,0.25,immediate,1,0,1.0,1.0,0,48,48,0,0,48,0,48,0,48,0,103.17999999999972,430.4599999999987,10318,43046,2.759724300005473,17.532288399990648,5.8040665444873625,4.404761904761904,5.8040665444873625,5804064.394903029,2.1495833333333274,1.0,100.0,0.0,,,,,,,,3.359800066266741,3.770377022879465,4.039757592337472,5.2856309073311945,5.8040665444873625,1.8738042653408582,7.460861887250628,8.522594724382675,8.872266496930802,2.857142857142857,2.857142857142857,2.857142857142857,2.857142857142857,4.404761904761904,1.9306279452651016,5.714285714285714,6.571428571428584,8.571428571428571,3.359800066266741,3.770377022879465,4.039757592337472,5.2856309073311945,5.8040665444873625,1.8738042653408582,7.460861887250628,8.522594724382675,8.872266496930802,1.370000000000001,1.5210000000000012,1.6175000000000013,2.0400000000000005,2.1495833333333274,0.5537898154735365,2.727499999999986,2.855999999999983,3.0799999999999783,24.52348541468382,28.758897735178472,31.611049035564065,45.41555818915367,50.94957844354212,20.235976988108245,72.16630925796926,77.72274775728583,83.35162527859211,3359798.696265741,3770375.5018784646,4039755.974836472,5285628.867330194,5804064.394903029,1873803.716484309,7460859.149749628,8522591.704381675,8872263.646929802,3359798696265.7407,3770375501878.465,4039755974836.472,5285628867330.194,5804064394903.03,1873803716484.3088,7460859149749.629,8522591704381.674,8872263646929.803,137.0,152.1,161.75,204.0,214.95833333333334,55.37898154735443,272.75,285.6,308.0,1.0,1.0,1.0,1.0,1.0,0.0,1.0,1.0,1.0,100.0,100.0,100.0,100.0,100.0,0.0,100.0,100.0,100.0,0.0,0.0,0.0,0.0,0.0,0.0,0.0,0.0,0.0
5,9589630991649.39,9.58963394165039,8.571428571428571,9.58963394165039,2.949999999999981,0,1,81.89354091137648,295,9589630.991649391,"[0.0, 9.58963394165039, -2.949999999999981, -1.0]",0.1,0.25,immediate,1,0,1.0,1.0,0,48,48,0,0,48,0,48,0,48,0,100.00999999999974,530.4699999999984,10001,53047,2.8459116999874823,20.444968700001482,5.562813509078254,4.226190476190476,5.562813509078254,5562811.425535586,2.0835416666666613,1.0,100.0,0.0,,,,,,,,3.2780729021344865,3.4499735151018416,3.6752714429582873,4.638677324567523,5.562813509078254,1.9826392923082345,7.478325707571847,8.118655341012138,9.58963394165039,2.857142857142857,2.857142857142857,2.857142857142857,2.857142857142857,4.226190476190476,1.7486227168533788,5.714285714285714,5.714285714285714,8.571428571428571,3.2780729021344865,3.4499735151018416,3.6752714429582873,4.638677324567523,5.562813509078254,1.9826392923082345,7.478325707571847,8.118655341012138,9.58963394165039,1.340000000000001,1.4070000000000011,1.4875000000000012,1.8250000000000015,2.0835416666666613,0.6092840387951631,2.7824999999999847,2.8759999999999826,2.949999999999981,23.716229267418385,25.535063423216343,27.794037649407983,38.129294227808714,49.040200441765286,22.14189186856788,74.52590041421354,78.60291003137827,81.89354091137648,3278071.5621334864,3449972.1081008418,3675269.955457287,4638675.499566523,5562811.425535586,1982638.6897076443,7478322.865070848,8118652.4650111385,9589630.991649391,3278071562133.4863,3449972108100.842,3675269955457.287,4638675499566.523,5562811425535.586,1982638689707.6445,7478322865070.848,8118652465011.139,9589630991649.39,134.0,140.7,148.75,182.5,208.35416666666666,60.928403879517106,278.25,287.6,295.0,1.0,1.0,1.0,1.0,1.0,0.0,1.0,1.0,1.0,100.0,100.0,100.0,100.0,100.0,0.0,100.0,100.0,100.0,0.0,0.0,0.0,0.0,0.0,0.0,0.0,0.0,0.0
6,10705007370361.723,10.705010550362722,8.571428571428571,10.705010550362722,3.179999999999976,0,1,92.47086051106453,318,10705007.370361723,"[0.0, 10.705010550362722, -3.179999999999976, -1.0]",0.1,0.25,immediate,1,0,1.0,1.0,0,48,48,0,0,48,0,48,0,48,0,109.16999999999959,639.639999999998,10917,63964,3.0505455999518745,23.56334379996406,6.195819491431827,4.8809523809523805,6.195819491431827,6195817.217055826,2.2743749999999916,1.0,100.0,0.0,,,,,,,,3.351543971470424,3.486419132777623,3.8813808986118863,7.142857142857142,6.195819491431827,2.1613723539025327,8.03046567099435,8.766023635864258,10.705010550362722,2.857142857142857,2.857142857142857,2.857142857142857,5.714285714285714,4.8809523809523805,2.016794565011597,5.714285714285714,8.571428571428571,8.571428571428571,3.351543971470424,3.486419132777623,3.8813808986118863,7.142857142857142,6.195819491431827,2.1613723539025327,8.03046567099435,8.766023635864258,10.705010550362722,1.370000000000001,1.4170000000000011,1.562500000000001,2.6599999999999873,2.2743749999999916,0.6434927681864979,2.849999999999983,2.9359999999999813,3.179999999999976,24.5235388725996,25.811152198165654,29.971793297678232,66.73615942150354,55.97759837129464,23.5156845897895,77.13096713274717,81.26730126813054,92.47086051106453,3351542.6014694236,3486417.715776623,3881379.3361108867,7142854.387856143,6195817.217055826,2161371.7232095473,8030462.76349335,8766020.78286326,10705007.370361723,3351542601469.424,3486417715776.623,3881379336110.8867,7142854387856.143,6195817217055.825,2161371723209.5474,8030462763493.35,8766020782863.259,10705007370361.723,137.0,141.7,156.25,266.0,227.4375,64.34927681865068,285.0,293.6,318.0,1.0,1.0,1.0,1.0,1.0,0.0,1.0,1.0,1.0,100.0,100.0,100.0,100.0,100.0,0.0,100.0,100.0,100.0,0.0,0.0,0.0,0.0,0.0,0.0,0.0,0.0,0.0
7,10705007370361.723,10.705010550362722,8.571428571428571,10.705010550362722,3.179999999999976,0,1,92.47086051106453,318,10705007.370361723,"[0.0, 10.705010550362722, -3.179999999999976, -1.0]",0.1,0.25,immediate,1,0,1.0,1.0,0,48,48,0,0,48,0,48,0,48,0,107.64999999999961,747.2899999999977,10765,74729,2.8109455999801867,26.441808499977924,6.174754812603905,4.8809523809523805,6.174754812603905,6174752.569894572,2.2427083333333253,1.0,100.0,0.0,,,,,,,,3.35977281842913,3.66261237008231,3.896017074584961,4.939460754394531,6.174754812603905,2.352610728725996,8.285652569362096,9.044823782784599,10.705010550362722,2.857142857142857,2.857142857142857,2.857142857142857,2.857142857142857,4.8809523809523805,2.3298078322358244,5.714285714285714,8.571428571428571,8.571428571428571,3.35977281842913,3.66261237008231,3.896017074584961,4.939460754394531,6.174754812603905,2.352610728725996,8.285652569362096,9.044823782784599,10.705010550362722,1.370000000000001,1.4850000000000012,1.5700000000000012,1.9300000000000015,2.2427083333333253,0.6816607770222238,2.9324999999999815,3.054999999999979,3.189999999999976,24.523719660937786,27.725848941504957,30.192250408232212,41.57080278173089,55.328786053694785,25.63206150224545,81.11078477650881,86.66021353378893,92.94267205893993,3359771.44842813,3662610.8850813103,3896015.504583961,4939458.824393531,6174752.569894572,2352610.05422542,8285649.589361096,9044820.8047836,10705007.370361723,3359771448428.13,3662610885081.31,3896015504583.961,4939458824393.531,6174752569894.571,2352610054225.42,8285649589361.096,9044820804783.598,10705007370361.723,137.0,148.5,157.0,193.0,224.27083333333334,68.16607770222338,293.25,305.5,319.0,1.0,1.0,1.0,1.0,1.0,0.0,1.0,1.0,1.0,100.0,100.0,100.0,100.0,100.0,0.0,100.0,100.0,100.0,0.0,0.0,0.0,0.0,0.0,0.0,0.0,0.0,0.0
8,10705007370361.723,10.705010550362722,8.571428571428571,10.705010550362722,3.179999999999976,0,1,92.47086051106453,318,10705007.370361723,"[0.0, 10.705010550362722, -3.179999999999976, -1.0]",0.1,0.25,immediate,1,0,1.0,1.0,0,48,48,0,0,48,0,48,0,48,0,119.73999999999944,867.0299999999971,11974,86703,3.1540095999953337,29.663805199961644,7.014722653797695,5.595238095238095,7.014722653797695,7014720.159213361,2.494583333333322,1.0,100.0,0.0,,,,,,,,3.354590279715402,3.7557460239955356,4.579016821725028,7.879766736711774,7.014722653797695,2.3321729671602824,9.09594876425607,9.637640816824778,10.705010550362722,2.857142857142857,2.857142857142857,2.857142857142857,5.714285714285714,5.595238095238095,2.4714927966698443,8.571428571428571,8.571428571428571,8.571428571428571,3.354590279715402,3.7557460239955356,4.579016821725028,7.879766736711774,7.014722653797695,2.3321729671602824,9.09594876425607,9.637640816824778,10.705010550362722,1.370000000000001,1.5170000000000012,1.8125000000000013,2.8799999999999826,2.494583333333322,0.6598230770862308,3.0599999999999787,3.134999999999977,3.1999999999999758,24.52377390116453,28.642076119035483,37.72018258459866,78.78081779181957,64.78392389571916,25.160418209009002,86.88740666210651,90.3628391802311,93.41500403732061,3354588.9097144017,3755744.5069945357,4579015.009224027,7879763.846710775,7014720.159213361,2332172.3190543544,9095945.63175507,9637637.777823778,10705007.370361723,3354588909714.402,3755744506994.5356,4579015009224.027,7879763846710.775,7014720159213.362,2332172319054.354,9095945631755.07,9637637777823.777,10705007370361.723,137.0,151.7,181.25,288.0,249.45833333333334,65.98230770862409,306.0,313.5,320.0,1.0,1.0,1.0,1.0,1.0,0.0,1.0,1.0,1.0,100.0,100.0,100.0,100.0,100.0,0.0,100.0,100.0,100.0,0.0,0.0,0.0,0.0,0.0,0.0,0.0,0.0,0.0
9,14632989565640.742,14.632993425641741,14.285714285714285,14.632993425641741,3.8599999999999617,0,1,126.67312654852867,386,14632989.565640742,"[0.0, 14.632993425641741, -3.8599999999999617, -1.0]",0.1,0.25,immediate,1,0,1.0,1.0,0,48,48,0,0,48,0,48,0,48,0,115.5799999999995,982.6099999999966,11558,98261,3.1740156000014395,32.90837849996751,6.826507080168951,5.595238095238095,6.826507080168951,6826504.672251284,2.4079166666666563,1.0,100.0,0.0,,,,,,,,3.2446561540876115,3.678119114467076,4.295143399919782,5.720814296177456,6.826507080168951,2.767734371168963,9.233320099966866,9.745319093976702,14.632993425641741,2.857142857142857,2.857142857142857,2.857142857142857,4.285714285714286,5.595238095238095,2.971424755797306,8.571428571428571,8.571428571428571,14.285714285714285,3.2446561540876115,3.678119114467076,4.295143399919782,5.720814296177456,6.826507080168951,2.767734371168963,9.233320099966866,9.745319093976702,14.632993425641741,1.350000000000001,1.490000000000001,1.7150000000000012,2.2149999999999967,2.4079166666666563,0.7374363202262765,3.134999999999977,3.189999999999976,3.8599999999999617,23.380274169147015,27.865289751440287,34.61214298941195,51.78037255629897,61.99843879245842,28.8555935359642,90.36070272512734,92.94244754314423,126.67312654852867,3244654.7740866113,3678117.6244660756,4295141.684918782,5720812.081176456,6826504.672251284,2767733.6467257785,9233316.924965866,9745315.956975702,14632989.565640742,3244654774086.6113,3678117624466.0757,4295141684918.782,5720812081176.455,6826504672251.284,2767733646725.779,9233316924965.867,9745315956975.703,14632989565640.742,135.0,149.0,171.5,221.5,240.79166666666666,73.74363202262883,313.5,319.0,386.0,1.0,1.0,1.0,1.0,1.0,0.0,1.0,1.0,1.0,100.0,100.0,100.0,100.0,100.0,0.0,100.0,100.0,100.0,0.0,0.0,0.0,0.0,0.0,0.0,0.0,0.0,0.0
10,14632989565640.742,14.632993425641741,14.285714285714285,14.632993425641741,3.8599999999999617,0,1,126.67312654852867,386,14632989.565640742,"[0.0, 14.632993425641741, -3.8599999999999617, -1.0]",0.1,0.25,immediate,1,0,1.0,1.0,0,48,48,0,0,48,0,48,0,48,0,119.15999999999943,1101.7699999999961,11916,110177,3.273843000002671,36.248541999957524,7.172065292085921,6.011904761904762,7.172065292085921,7172062.80958492,2.482499999999988,1.0,100.0,0.0,,,,,,,,3.543597630092076,3.8089272635323663,4.031595502580916,8.322857448032924,7.172065292085921,2.853654335729689,9.44190161568778,10.129329681396484,14.632993425641741,2.857142857142857,2.857142857142857,2.857142857142857,7.142857142857142,6.011904761904762,2.9874785931737153,8.571428571428571,8.571428571428571,14.285714285714285,3.543597630092076,3.8089272635323663,4.031595502580916,8.322857448032924,7.172065292085921,2.853654335729689,9.44190161568778,10.129329681396484,14.632993425641741,1.440000000000001,1.5400000000000011,1.6175000000000013,2.949999999999981,2.482499999999988,0.7452809872792826,3.1299999999999772,3.189999999999976,3.8599999999999617,26.450818188488483,29.310428232699632,31.61112955585122,81.89592793211341,65.03445916359003,29.156771153190547,90.12711038067937,92.94267543703317,126.67312654852867,3543596.1900910763,3808925.7235313663,4031593.885079915,8322854.4980319245,7172062.80958492,2853653.6039508404,9441898.455686778,10129326.598395485,14632989.565640742,3543596190091.076,3808925723531.366,4031593885079.9155,8322854498031.924,7172062809584.921,2853653603950.8403,9441898455686.78,10129326598395.486,14632989565640.742,144.0,154.0,161.75,295.0,248.25,74.52809872792946,313.0,319.0,386.0,1.0,1.0,1.0,1.0,1.0,0.0,1.0,1.0,1.0,100.0,100.0,100.0,100.0,100.0,0.0,100.0,100.0,100.0,0.0,0.0,0.0,0.0,0.0,0.0,0.0,0.0,0.0
11,14632989565640.742,14.632993425641741,14.285714285714285,14.632993425641741,3.8599999999999617,0,1,126.67312654852867,386,14632989.565640742,"[0.0, 14.632993425641741, -3.8599999999999617, -1.0]",0.1,0.25,immediate,1,0,1.0,1.0,0,48,48,0,0,48,0,48,0,48,0,114.6199999999995,1216.3899999999956,11462,121639,3.102651000022888,39.42026759998407,6.830792199997674,5.595238095238095,6.830792199997674,6830789.812080008,2.3879166666666563,1.0,100.0,0.0,,,,,,,,3.22946275983538,3.5301775251116068,4.119208199637277,5.37304197038923,6.830792199997674,3.0610023976432656,9.317080633980888,10.066810062953405,14.632993425641741,2.857142857142857,2.857142857142857,2.857142857142857,2.857142857142857,5.595238095238095,3.245003135818812,8.571428571428571,8.571428571428571,14.285714285714285,3.22946275983538,3.5301775251116068,4.119208199637277,5.37304197038923,6.830792199997674,3.0610023976432656,9.317080633980888,10.066810062953405,14.632993425641741,1.320000000000001,1.434000000000001,1.6475000000000013,2.0899999999999994,2.3879166666666563,0.7921094156673488,3.1624999999999766,3.1999999999999758,3.8599999999999617,23.184456199407578,26.284186528623103,32.52118032053113,47.18065304681659,61.61740026778231,31.1814451967732,91.50861665047705,93.41516172811389,126.67372760921717,3229461.43983438,3530176.0911106067,4119206.552136277,5373039.88038823,6830789.812080008,3061001.6218918595,9317077.456479888,10066806.873952404,14632989.565640742,3229461439834.38,3530176091110.607,4119206552136.277,5373039880388.23,6830789812080.008,3061001621891.8594,9317077456479.889,10066806873952.404,14632989565640.742,132.0,143.4,164.75,209.0,238.79166666666666,79.21094156673615,316.25,320.0,386.0,1.0,1.0,1.0,1.0,1.0,0.0,1.0,1.0,1.0,100.0,100.0,100.0,100.0,100.0,0.0,100.0,100.0,100.0,0.0,0.0,0.0,0.0,0.0,0.0,0.0,0.0,0.0
12,14632989565640.742,14.632993425641741,14.285714285714285,14.632993425641741,3.8599999999999617,0,1,126.67312654852867,386,14632989.565640742,"[0.0, 14.632993425641741, -3.8599999999999617, -1.0]",0.1,0.25,immediate,1,0,1.0,1.0,0,48,48,0,0,48,0,48,0,48,0,124.81999999999925,1341.2099999999948,12482,134121,3.3845753999776207,42.872527599975,7.411256404150099,6.25,7.411256404150099,7411253.803732432,2.6004166666666513,1.0,100.0,0.0,,,,,,,,3.4092603410993303,3.6270975385393416,3.967163903372628,7.235077449253627,7.411256404150099,3.68768712736258,9.862091200692314,13.820716312953403,14.632993425641741,2.857142857142857,2.857142857142857,2.857142857142857,5.714285714285714,6.25,3.6726721073577018,8.571428571428571,11.428571428571429,14.285714285714285,3.4092603410993303,3.6270975385393416,3.967163903372628,7.235077449253627,7.411256404150099,3.68768712736258,9.862091200692314,13.820716312953403,14.632993425641741,1.390000000000001,1.4710000000000012,1.595000000000001,2.5499999999999896,2.6004166666666513,1.2689545538442908,3.2024999999999757,3.8599999999999617,8.699999999999859,25.06799951940775,27.325349877774716,30.93569411151111,66.04309048876166,67.34270892288957,38.429731435058486,93.06079624220729,126.67330686673522,149.09599799504213,3409258.95109833,3627096.067538342,3967162.308371628,7235074.899252627,7411253.803732432,3687686.019258099,9862087.978191312,13820712.326952403,14632989.565640742,3409258951098.33,3627096067538.342,3967162308371.628,7235074899252.627,7411253803732.433,3687686019258.0996,9862087978191.312,13820712326952.404,14632989565640.742,139.0,147.1,159.5,255.0,260.0416666666667,126.8954553844314,320.25,386.0,870.0,1.0,1.0,1.0,1.0,1.0,0.0,1.0,1.0,1.0,100.0,100.0,100.0,100.0,100.0,0.0,100.0,100.0,100.0,0.0,0.0,0.0,0.0,0.0,0.0,0.0,0.0,0.0
13,14734912837010.717,14.734916687011717,14.285714285714285,14.734916687011717,3.849999999999962,0,1,126.14018112421036,385,14734912.837010717,"[0.0, 14.734916687011717, -3.849999999999962, -1.0]",0.1,0.25,immediate,1,0,1.0,1.0,0,48,48,0,0,48,0,48,0,48,0,130.5399999999992,1471.749999999994,13054,147175,3.3152857000241056,46.257010100001935,8.34263250941322,7.083333333333333,8.34263250941322,8342629.789828886,2.7195833333333166,1.0,100.0,0.0,,,,,,,,3.4695162091936385,3.743467058454241,4.340441567557199,9.232176371983119,8.34263250941322,3.918366295285986,10.31306334904262,14.235224587576733,14.734916687011717,2.857142857142857,2.857142857142857,2.857142857142857,8.571428571428571,7.083333333333333,3.9550872834238606,8.571428571428571,12.285714285714297,14.285714285714285,3.4695162091936385,3.743467058454241,4.340441567557199,9.232176371983119,8.34263250941322,3.918366295285986,10.31306334904262,14.235224587576733,14.734916687011717,1.410000000000001,1.5140000000000011,1.7700000000000014,3.1599999999999766,2.7195833333333166,0.920405160634268,3.2999999999999736,3.8719999999999617,4.119999999999957,25.617839112877846,28.55562056005001,34.91977692767978,91.51715637743473,75.85889159546544,38.49726663417894,98.19922655262053,126.67330686673522,140.8460800498724,3469514.7991926386,3743465.544453241,4340439.835056199,9232173.17698212,8342629.789828886,3918365.390428996,10313060.00904162,14235220.664575731,14734912.837010717,3469514799192.6387,3743465544453.2407,4340439835056.1987,9232173176982.12,8342629789828.887,3918365390428.9966,10313060009041.621,14235220664575.73,14734912837010.717,141.0,151.4,177.0,316.0,271.9583333333333,92.04051606342841,330.0,387.20000000000005,412.0,1.0,1.0,1.0,1.0,1.0,0.0,1.0,1.0,1.0,100.0,100.0,100.0,100.0,100.0,0.0,100.0,100.0,100.0,0.0,0.0,0.0,0.0,0.0,0.0,0.0,0.0,0.0
14,14798601742644.088,14.798605782645089,14.285714285714285,14.798605782645089,4.039999999999958,0,1,136.42354425042868,404,14798601.742644088,"[0.0, 14.798605782645089, -4.039999999999958, -1.0]",0.1,0.25,immediate,1,0,1.0,1.0,0,48,48,0,0,48,0,48,0,48,0,133.80999999999912,1605.5599999999931,13381,160556,3.697020799969323,50.02354739996372,8.360821576345534,6.904761904761905,8.360821576345534,8360818.788636203,2.787708333333315,1.0,100.0,0.0,,,,,,,,3.4632764543805803,3.744050707135882,4.214326313563756,8.605848039899554,8.360821576345534,3.93085338711207,10.63530581338065,14.197743552071708,14.798605782645089,2.857142857142857,2.857142857142857,2.857142857142857,7.142857142857142,6.904761904761905,3.8612558905302032,8.571428571428571,11.428571428571429,14.285714285714285,3.4632764543805803,3.744050707135882,4.214326313563756,8.605848039899554,8.360821576345534,3.93085338711207,10.63530581338065,14.197743552071708,14.798605782645089,1.410000000000001,1.5140000000000011,1.6850000000000014,3.0199999999999796,2.787708333333315,1.0645054399096237,3.3124999999999734,3.995999999999959,6.519999999999905,25.617223873734474,28.555802664905787,33.67400125041604,85.0575110167265,76.97275090324426,39.34275693167114,98.82335201650858,133.93032639101148,136.64472133578965,3463275.0443795803,3744049.193134882,4214324.628562756,8605845.029898554,8360818.788636203,3930852.405750105,10635302.508379651,14197739.58707071,14798601.742644088,3463275044379.58,3744049193134.882,4214324628562.756,8605845029898.554,8360818788636.2,3930852405750.1055,10635302508379.65,14197739587070.707,14798601742644.088,141.0,151.4,168.5,302.0,278.7708333333333,106.45054399096429,331.25,399.6,652.0,1.0,1.0,1.0,1.0,1.0,0.0,1.0,1.0,1.0,100.0,100.0,100.0,100.0,100.0,0.0,100.0,100.0,100.0,0.0,0.0,0.0,0.0,0.0,0.0,0.0,0.0,0.0
15,14798601742644.088,14.798605782645089,14.285714285714285,14.798605782645089,4.039999999999958,0,1,136.42354425042868,404,14798601.742644088,"[0.0, 14.798605782645089, -4.039999999999958, -1.0]",0.1,0.25,immediate,1,0,1.0,1.0,0,48,48,0,0,48,0,48,0,48,0,139.08999999999898,1744.6499999999921,13909,174465,3.5757533999858424,53.66398919996573,8.481947126842678,7.261904761904762,8.481947126842678,8481944.229133347,2.8977083333333122,1.0,100.0,0.0,,,,,,,,3.309478759765625,3.5655697413853233,4.00907107761928,9.57895278930664,8.481947126842678,4.013876340025069,10.969844545636859,14.048793247767858,14.798605782645089,2.857142857142857,2.857142857142857,2.857142857142857,8.571428571428571,7.261904761904762,3.910492310870677,9.285714285714285,11.428571428571429,14.285714285714285,3.309478759765625,3.5655697413853233,4.00907107761928,9.57895278930664,8.481947126842678,4.013876340025069,10.969844545636859,14.048793247767858,14.798605782645089,1.360000000000001,1.454000000000001,1.6125000000000012,3.2149999999999754,2.8977083333333122,1.2489499582704795,3.6349999999999665,4.042999999999958,6.869999999999898,24.029649391770363,26.744202546030284,31.460935542359948,92.70678539574146,79.07877463184195,41.54040076952917,107.53271772898734,134.9687387883896,150.1658374661929,3309477.369764625,3565568.273384324,4009069.46511828,9578949.574305639,8481944.229133347,4013875.212041494,10969840.41563586,14048789.219766857,14798601.742644088,3309477369764.625,3565568273384.3237,4009069465118.2803,9578949574305.64,8481944229133.348,4013875212041.4937,10969840415635.86,14048789219766.857,14798601742644.088,136.0,145.4,161.25,321.5,289.7708333333333,124.89499582705021,363.5,404.3,687.0,1.0,1.0,1.0,1.0,1.0,0.0,1.0,1.0,1.0,100.0,100.0,100.0,100.0,100.0,0.0,100.0,100.0,100.0,0.0,0.0,0.0,0.0,0.0,0.0,0.0,0.0,0.0
16,15059826891826.568,15.059830801827568,14.285714285714285,15.059830801827568,3.9099999999999606,0,1,129.35342103987932,391,15059826.891826568,"[0.0, 15.059830801827568, -3.9099999999999606, -1.0]",0.1,0.25,immediate,1,0,1.0,1.0,0,48,48,0,0,48,0,48,0,48,0,136.76999999999907,1881.4199999999912,13677,188142,3.4262153999879956,57.157631499983836,8.554502328236898,7.261904761904762,8.554502328236898,8554499.478860898,2.8493749999999807,1.0,100.0,0.0,,,,,,,,3.1166458129882812,3.6859474182128906,4.156317029680524,9.233462469918386,8.554502328236898,4.017704621944018,11.513748850141253,14.031990596226287,15.059830801827568,2.857142857142857,2.857142857142857,2.857142857142857,8.571428571428571,7.261904761904762,3.9537433108132416,9.285714285714285,12.285714285714297,14.285714285714285,3.1166458129882812,3.6859474182128906,4.156317029680524,9.233462469918386,8.554502328236898,4.017704621944018,11.513748850141253,14.031990596226287,15.059830801827568,1.400000000000001,1.5140000000000011,1.7075000000000014,3.134999999999977,2.8493749999999807,1.0954953336466673,3.4899999999999696,3.988999999999959,6.879999999999898,22.26597704202868,27.98013397604227,33.142954559996724,90.30332367867231,78.80064688134492,40.49104932727515,107.62221583537757,133.63315265625715,149.41392486728728,3116643.532987281,3685945.924211891,4156315.344679524,9233459.304917388,8554499.478860898,4017703.618107957,11513745.290140253,14031985.746225286,15059826.891826568,3116643532987.2812,3685945924211.891,4156315344679.5244,9233459304917.387,8554499478860.898,4017703618107.957,11513745290140.254,14031985746225.287,15059826891826.568,140.0,151.4,170.75,313.5,284.9375,109.54953336466872,349.0,398.90000000000003,688.0,1.0,1.0,1.0,1.0,1.0,0.0,1.0,1.0,1.0,100.0,100.0,100.0,100.0,100.0,0.0,100.0,100.0,100.0,0.0,0.0,0.0,0.0,0.0,0.0,0.0,0.0,0.0
17,15205499251265.742,15.205503191266741,14.285714285714285,15.205503191266741,3.93999999999996,0,1,130.97232691943645,394,15205499.251265742,"[0.0, 15.205503191266741, -3.93999999999996, -1.0]",0.1,0.25,immediate,1,0,1.0,1.0,0,48,48,0,0,48,0,48,0,48,0,139.94999999999902,2021.3699999999903,13995,202137,3.72921929997392,60.95352689997526,8.417897451491584,7.083333333333333,8.417897451491584,8417894.535865583,2.9156249999999795,1.0,100.0,0.0,,,,,,,,3.3270590645926337,3.7058230808803017,4.498108455113002,8.609935215541295,8.417897451491584,3.9553847782645697,11.668053354535784,14.03983633858817,15.205503191266741,2.857142857142857,2.857142857142857,2.857142857142857,8.571428571428571,7.083333333333333,3.9118511430113703,9.285714285714285,11.428571428571429,14.285714285714285,3.3270590645926337,3.7058230808803017,4.498108455113002,8.609935215541295,8.417897451491584,3.9553847782645697,11.668053354535784,14.03983633858817,15.205503191266741,1.360000000000001,1.5140000000000011,1.8225000000000013,3.0699999999999785,2.9156249999999795,1.1703452237302812,3.7649999999999637,4.042999999999958,7.069999999999894,24.253131553530693,28.555669447779657,37.706608573003905,86.45852653682232,78.39470547803103,39.81607937816673,107.88404471054673,135.87430976182222,140.28957619518042,3327057.7045916338,3705821.5808793018,4498106.670112002,8609932.180540295,8417894.535865583,3955383.8762905975,11668049.029534785,14039832.308587171,15205499.251265742,3327057704591.634,3705821580879.3013,4498106670112.002,8609932180540.295,8417894535865.582,3955383876290.597,11668049029534.785,14039832308587.17,15205499251265.742,136.0,151.4,182.25,307.0,291.5625,117.03452237303031,376.5,404.3,707.0,1.0,1.0,1.0,1.0,1.0,0.0,1.0,1.0,1.0,100.0,100.0,100.0,100.0,100.0,0.0,100.0,100.0,100.0,0.0,0.0,0.0,0.0,0.0,0.0,0.0,0.0,0.0
18,15205499251265.742,15.205503191266741,14.285714285714285,15.205503191266741,3.93999999999996,0,1,130.97232691943645,394,15205499.251265742,"[0.0, 15.205503191266741, -3.93999999999996, -1.0]",0.1,0.25,immediate,1,0,1.0,1.0,0,48,48,0,0,48,0,48,0,48,0,153.00999999999874,2174.379999999989,15301,217438,4.51164979999885,65.52960700000403,9.464019536972046,7.976190476190477,9.464019536972046,9464016.349262713,3.187708333333307,1.0,100.0,0.0,,,,,,,,3.4886114937918524,3.8512137276785716,5.326474053519112,9.673117228916713,9.464019536972046,3.948437885171763,13.59339441571917,13.945983341762,15.205503191266741,2.857142857142857,2.857142857142857,2.857142857142857,8.571428571428571,7.976190476190477,3.822522466191029,11.428571428571429,11.428571428571429,14.285714285714285,3.4886114937918524,3.8512137276785716,5.326474053519112,9.673117228916713,9.464019536972046,3.948437885171763,13.59339441571917,13.945983341762,15.205503191266741,1.420000000000001,1.5540000000000012,2.0749999999999997,3.229999999999975,3.187708333333307,1.347550616834294,3.94749999999996,4.119999999999957,8.969999999999853,25.8940110206604,29.721130652725698,46.65091831982136,94.67445017397404,89.2468826816624,40.42043545610017,127.3449942463485,138.0749760337174,143.63735285401344,3488610.0737908524,3851212.1736775716,5326471.978518113,9673113.958915712,9464016.349262713,3948436.924740998,13593390.348218169,13945979.310761,15205499.251265742,3488610073790.8525,3851212173677.572,5326471978518.112,9673113958915.71,9464016349262.713,3948436924740.998,13593390348218.17,13945979310761.0,15205499251265.742,142.0,155.4,207.5,323.0,318.7708333333333,134.755061683432,394.75,412.0,897.0,1.0,1.0,1.0,1.0,1.0,0.0,1.0,1.0,1.0,100.0,100.0,100.0,100.0,100.0,0.0,100.0,100.0,100.0,0.0,0.0,0.0,0.0,0.0,0.0,0.0,0.0,0.0
19,15205499251265.742,15.205503191266741,14.285714285714285,15.205503191266741,3.93999999999996,0,1,130.97232691943645,394,15205499.251265742,"[0.0, 15.205503191266741, -3.93999999999996, -1.0]",0.1,0.25,immediate,1,0,1.0,1.0,0,48,48,0,0,48,0,48,0,48,0,135.0599999999991,2309.4399999999882,13506,230944,3.4754561000154354,69.07184839999536,8.821238563174292,7.3809523809523805,8.821238563174292,8821235.749423293,2.813749999999981,1.0,100.0,0.0,,,,,,,,3.518736703055245,3.789313180106027,4.14097649710519,9.648899350847516,8.821238563174292,4.40780071670195,13.412490572248187,14.264427730015347,15.205503191266741,2.857142857142857,2.857142857142857,2.857142857142857,8.571428571428571,7.3809523809523805,4.318656463623109,11.428571428571429,12.285714285714297,14.285714285714285,3.518736703055245,3.789313180106027,4.14097649710519,9.648899350847516,8.821238563174292,4.40780071670195,13.412490572248187,14.264427730015347,15.205503191266741,1.430000000000001,1.5400000000000011,1.6700000000000013,3.2049999999999756,2.813749999999981,1.0406961312025529,3.887499999999961,4.042999999999958,4.1699999999999555,26.17222435027361,29.048662839829923,32.98091853968799,93.65276665613055,81.05031685422485,44.50945504494795,126.94089532084763,136.58827774748207,143.63721135258675,3518735.273054245,3789311.574105027,4140974.8346041897,9648896.125846516,8821235.749423293,4407799.686811819,13412486.564747188,14264423.656014347,15205499.251265742,3518735273054.245,3789311574105.027,4140974834604.19,9648896125846.516,8821235749423.293,4407799686811.818,13412486564747.188,14264423656014.348,15205499251265.742,143.0,154.0,167.0,320.5,281.375,104.06961312025716,388.75,404.3,417.0,1.0,1.0,1.0,1.0,1.0,0.0,1.0,1.0,1.0,100.0,100.0,100.0,100.0,100.0,0.0,100.0,100.0,100.0,0.0,0.0,0.0,0.0,0.0,0.0,0.0,0.0,0.0
20,15205499251265.742,15.205503191266741,14.285714285714285,15.205503191266741,3.93999999999996,0,1,130.97232691943645,394,15205499.251265742,"[0.0, 15.205503191266741, -3.93999999999996, -1.0]",0.1,0.25,immediate,1,0,1.0,1.0,0,48,48,0,0,48,0,48,0,48,0,143.43999999999892,2452.8799999999874,14344,245288,3.8247080000001006,72.96505699999398,9.260465360823131,7.916666666666667,9.260465360823131,9260462.372488799,2.9883333333333106,1.0,100.0,0.0,,,,,,,,3.417908804757255,3.562560490199498,4.2041151864188055,9.465201241629464,9.260465360823131,4.2961358176443945,13.520862034388951,14.163447788783484,15.205503191266741,2.857142857142857,2.857142857142857,2.857142857142857,8.571428571428571,7.916666666666667,4.008476704126936,11.428571428571429,11.428571428571429,14.285714285714285,3.417908804757255,3.562560490199498,4.2041151864188055,9.465201241629464,9.260465360823131,4.2961358176443945,13.520862034388951,14.163447788783484,15.205503191266741,1.390000000000001,1.4710000000000012,1.6775000000000013,3.2599999999999745,2.9883333333333106,1.070892021738038,3.94499999999996,4.065999999999958,4.569999999999947,25.06784089654684,26.647602077573538,33.4446015432477,94.83887976035476,86.17310687348557,43.6191834427763,130.16255387477577,134.3962217733264,139.7350435629487,3417907.4147562548,3562559.043198498,4204113.508917806,9465198.011628464,9260462.372488799,4296134.798772588,13520858.234387951,14163443.914782483,15205499.251265742,3417907414756.255,3562559043198.498,4204113508917.8057,9465198011628.465,9260462372488.799,4296134798772.5884,13520858234387.951,14163443914782.482,15205499251265.742,139.0,147.1,167.75,326.0,298.8333333333333,107.08920217380567,394.5,406.6,457.0,1.0,1.0,1.0,1.0,1.0,0.0,1.0,1.0,1.0,100.0,100.0,100.0,100.0,100.0,0.0,100.0,100.0,100.0,0.0,0.0,0.0,0.0,0.0,0.0,0.0,0.0,0.0
21,15205499251265.742,15.205503191266741,14.285714285714285,15.205503191266741,3.93999999999996,0,1,130.97232691943645,394,15205499.251265742,"[0.0, 15.205503191266741, -3.93999999999996, -1.0]",0.1,0.25,immediate,1,0,1.0,1.0,0,48,48,0,0,48,0,48,0,48,0,138.74999999999903,2591.6299999999865,13875,259163,3.959798199997749,76.99398359999759,9.139330898012433,7.797619047619047,9.139330898012433,9139328.007386433,2.89062499999998,1.0,100.0,0.0,,,,,,,,3.467488970075335,3.809567587716239,4.332853044782366,9.692316055297852,9.139330898012433,4.3672003567066975,13.410733086722239,14.70513207571847,15.205503191266741,2.857142857142857,2.857142857142857,2.857142857142857,8.571428571428571,7.797619047619047,4.3930829726440574,11.428571428571429,14.285714285714285,14.285714285714285,3.467488970075335,3.809567587716239,4.332853044782366,9.692316055297852,9.139330898012433,4.3672003567066975,13.410733086722239,14.70513207571847,15.205503191266741,1.410000000000001,1.5380000000000011,1.7850000000000015,3.239999999999975,2.89062499999998,1.0132628941732231,3.902499999999961,3.989999999999959,4.099999999999957,25.61755869537592,29.224761102348566,35.00301221571863,95.31548949703574,83.97776712213333,43.250087957452564,128.81570108234882,133.30536486133934,139.73541251569986,3467487.560074335,3809566.049715239,4332851.317281366,9692312.830296852,9139328.007386433,4367199.358287151,13410729.051721238,14705128.13771747,15205499.251265742,3467487560074.335,3809566049715.2393,4332851317281.366,9692312830296.852,9139328007386.434,4367199358287.1504,13410729051721.238,14705128137717.47,15205499251265.742,141.0,153.8,178.5,324.0,289.0625,101.32628941732413,390.25,399.0,410.0,1.0,1.0,1.0,1.0,1.0,0.0,1.0,1.0,1.0,100.0,100.0,100.0,100.0,100.0,0.0,100.0,100.0,100.0,0.0,0.0,0.0,0.0,0.0,0.0,0.0,0.0,0.0
22,15205499251265.742,15.205503191266741,14.285714285714285,15.205503191266741,3.93999999999996,0,1,130.97232691943645,394,15205499.251265742,"[0.0, 15.205503191266741, -3.93999999999996, -1.0]",0.1,0.25,immediate,1,0,1.0,1.0,0,48,48,0,0,48,0,48,0,48,0,149.21999999999886,2740.8499999999854,14922,274085,3.854831999982707,80.91397469997173,9.985864900407337,8.45238095238095,9.985864900407337,9985861.791656336,3.108749999999976,1.0,100.0,0.0,,,,,,,,3.5684912545340404,4.1354266575404575,5.036582946777344,10.142153331211635,9.985864900407337,4.189963711392124,13.82478986467634,14.528660910470144,15.205503191266741,2.857142857142857,2.857142857142857,2.857142857142857,8.571428571428571,8.45238095238095,4.203915138811803,11.428571428571429,14.285714285714285,14.285714285714285,3.5684912545340404,4.1354266575404575,5.036582946777344,10.142153331211635,9.985864900407337,4.189963711392124,13.82478986467634,14.528660910470144,15.205503191266741,1.450000000000001,1.6540000000000012,1.9750000000000014,3.3149999999999733,3.108749999999976,0.9705982369136905,3.9249999999999603,4.025999999999959,4.559999999999947,26.731317341327667,32.719851749390365,43.15579904988408,98.9198681525886,92.9312788931032,41.52947881999552,130.16180809400976,134.943502073735,141.959639236331,3568489.8045330406,4135425.0035394575,5036580.971776344,10142150.016210634,9985861.791656336,4189962.7610966833,13824785.78717534,14528656.897469144,15205499.251265742,3568489804533.0405,4135425003539.4575,5036580971776.344,10142150016210.635,9985861791656.338,4189962761096.6836,13824785787175.34,14528656897469.145,15205499251265.742,145.0,165.4,197.5,331.5,310.875,97.05982369137088,392.5,402.6,456.0,1.0,1.0,1.0,1.0,1.0,0.0,1.0,1.0,1.0,100.0,100.0,100.0,100.0,100.0,0.0,100.0,100.0,100.0,0.0,0.0,0.0,0.0,0.0,0.0,0.0,0.0,0.0
23,15205499251265.742,15.205503191266741,14.285714285714285,15.205503191266741,3.93999999999996,0,1,130.97232691943645,394,15205499.251265742,"[0.0, 15.205503191266741, -3.93999999999996, -1.0]",0.1,0.25,immediate,1,0,1.0,1.0,0,48,48,0,0,48,0,48,0,48,0,138.70999999999907,2879.5599999999845,13871,287956,3.4739455999806523,84.45525239995914,8.992865142368135,7.559523809523809,8.992865142368135,8992862.25257547,2.8897916666666474,1.0,100.0,0.0,,,,,,,,3.5009111676897318,4.1767943246024,4.894952774047852,9.547067369733536,8.992865142368135,4.127036889492602,13.604734965733119,14.41535895211356,15.205503191266741,2.857142857142857,2.857142857142857,2.857142857142857,8.571428571428571,7.559523809523809,4.3050983591651155,11.428571428571429,14.285714285714285,14.285714285714285,3.5009111676897318,4.1767943246024,4.894952774047852,9.547067369733536,8.992865142368135,4.127036889492602,13.604734965733119,14.41535895211356,15.205503191266741,1.420000000000001,1.6680000000000013,1.9250000000000016,3.179999999999976,2.8897916666666474,0.9667201628516152,3.902499999999961,4.089999999999957,4.4999999999999485,25.894275687634945,33.151117238402364,41.447977071627975,92.47085841372609,82.9677952110457,41.08779645965046,125.47335722483695,136.86577185615897,143.0773354023695,3500909.747688732,4176792.6566013996,4894950.8490468515,9547064.144732539,8992862.25257547,4127035.9395328187,13604730.903232118,14415354.96011256,15205499.251265742,3500909747688.732,4176792656601.4,4894950849046.852,9547064144732.537,8992862252575.469,4127035939532.819,13604730903232.12,14415354960112.56,15205499251265.742,142.0,166.8,192.5,318.0,288.9791666666667,96.67201628516335,390.25,409.0,450.0,1.0,1.0,1.0,1.0,1.0,0.0,1.0,1.0,1.0,100.0,100.0,100.0,100.0,100.0,0.0,100.0,100.0,100.0,0.0,0.0,0.0,0.0,0.0,0.0,0.0,0.0,0.0
24,15205499251265.742,15.205503191266741,14.285714285714285,15.205503191266741,3.93999999999996,0,1,130.97232691943645,394,15205499.251265742,"[0.0, 15.205503191266741, -3.93999999999996, -1.0]",0.1,0.25,immediate,1,0,1.0,1.0,0,48,48,0,0,48,0,48,0,48,0,150.4299999999988,3029.9899999999834,15043,302999,3.8198979000444524,88.34382730000652,9.88039221082415,8.273809523809524,9.88039221082415,9880389.076864816,3.1339583333333088,1.0,100.0,0.0,,,,,,,,3.388126918247768,3.644829341343471,5.088318416050502,10.44492040361677,9.88039221082415,4.292384322646772,13.904906681605746,14.608057294573104,15.205503191266741,2.857142857142857,2.857142857142857,2.857142857142857,8.571428571428571,8.273809523809524,4.215277661036955,11.428571428571429,14.285714285714285,14.285714285714285,3.388126918247768,3.644829341343471,5.088318416050502,10.44492040361677,9.88039221082415,4.292384322646772,13.904906681605746,14.608057294573104,15.205503191266741,1.380000000000001,1.4770000000000012,2.007500000000001,3.4099999999999713,3.1339583333333088,1.0616982064584934,3.9624999999999595,4.025999999999959,5.6699999999999235,24.79497566819191,27.494692920148374,44.2777585554868,102.8219642713666,92.01775071230077,42.57782137416762,131.10762695409358,134.94315359517933,140.8949305564165,3388125.5382467676,3644827.864342471,5088313.671049502,10444917.14861577,9880389.076864816,4292383.412899981,13904902.711604746,14608053.371572103,15205499.251265742,3388125538246.7676,3644827864342.471,5088313671049.502,10444917148615.77,9880389076864.814,4292383412899.9814,13904902711604.746,14608053371572.104,15205499251265.742,138.0,147.7,200.75,341.0,313.3958333333333,106.16982064585126,396.25,402.6,567.0,1.0,1.0,1.0,1.0,1.0,0.0,1.0,1.0,1.0,100.0,100.0,100.0,100.0,100.0,0.0,100.0,100.0,100.0,0.0,0.0,0.0,0.0,0.0,0.0,0.0,0.0,0.0
25,15396561038598.33,15.39656502859933,14.285714285714285,15.39656502859933,3.989999999999959,0,1,133.68688517063856,399,15396561.03859833,"[0.0, 15.39656502859933, -3.989999999999959, -1.0]",0.1,0.25,immediate,1,0,1.0,1.0,0,48,48,0,0,48,0,48,0,48,0,148.9099999999989,3178.8999999999824,14891,317890,3.982319100003224,92.39130069996463,9.797414768309821,8.214285714285714,9.797414768309821,9797411.666017154,3.1022916666666434,1.0,100.0,0.0,,,,,,,,3.6235155378069197,4.084319523402622,5.043035234723773,9.952696391514369,9.797414768309821,4.318524183301877,14.002592904227122,14.764358520507814,15.39656502859933,2.857142857142857,2.857142857142857,2.857142857142857,8.571428571428571,8.214285714285714,4.310444521483731,11.428571428571429,14.285714285714285,14.285714285714285,3.6235155378069197,4.084319523402622,5.043035234723773,9.952696391514369,9.797414768309821,4.318524183301877,14.002592904227122,14.764358520507814,15.39656502859933,1.470000000000001,1.6840000000000013,2.010000000000001,3.3499999999999726,3.1022916666666434,0.9792668166867764,3.94249999999996,4.0959999999999575,4.619999999999946,27.29573182761669,33.661094054579735,44.36379536613822,97.953453656286,91.17463373046,42.094598843685304,130.16210219077766,138.40719087943435,145.32235526293516,3623514.06780592,4084315.809401623,5043033.259722773,9952693.16151337,9797411.666017154,4318523.304474449,14002588.791726122,14764354.615506815,15396561.03859833,3623514067805.92,4084315809401.6226,5043033259722.772,9952693161513.371,9797411666017.154,4318523304474.448,14002588791726.121,14764354615506.814,15396561038598.33,147.0,168.4,201.0,335.0,310.2291666666667,97.92668166867949,394.25,409.6,462.0,1.0,1.0,1.0,1.0,1.0,0.0,1.0,1.0,1.0,100.0,100.0,100.0,100.0,100.0,0.0,100.0,100.0,100.0,0.0,0.0,0.0,0.0,0.0,0.0,0.0,0.0,0.0
26,15396561038598.33,15.39656502859933,14.285714285714285,15.39656502859933,3.989999999999959,0,1,133.68688517063856,399,15396561.03859833,"[0.0, 15.39656502859933, -3.989999999999959, -1.0]",0.1,0.25,immediate,1,0,1.0,1.0,0,48,48,0,0,48,0,48,0,48,0,138.3599999999991,3317.2599999999816,13836,331726,4.253691199992318,96.71804259996861,9.03190817151751,7.440476190476191,9.03190817151751,9031905.28901651,2.882499999999981,1.0,100.0,0.0,,,,,,,,3.54226793561663,4.1939849853515625,4.963035583496094,9.712400436401367,9.03190817151751,4.1062932878019325,13.81995746067592,14.21208245413644,15.39656502859933,2.857142857142857,2.857142857142857,2.857142857142857,8.571428571428571,7.440476190476191,3.944322680245075,11.428571428571429,11.428571428571429,14.285714285714285,3.54226793561663,4.1939849853515625,4.963035583496094,9.712400436401367,9.03190817151751,4.1062932878019325,13.81995746067592,14.21208245413644,15.39656502859933,1.440000000000001,1.6780000000000013,1.9475000000000016,3.194999999999976,2.882499999999981,0.9400897563530659,3.93249999999996,4.002999999999958,4.179999999999955,26.451107993721962,33.459104652702806,42.20594986528158,93.18146490678191,83.38359356190388,40.874746916424996,130.56686211563647,134.39625706747174,144.19790218025446,3542266.49561563,4193983.307350563,4963033.635995094,9712397.141400367,9031905.28901651,4106292.3585887714,13819953.33567492,14212078.374135438,15396561.03859833,3542266495615.63,4193983307350.5625,4963033635995.094,9712397141400.367,9031905289016.508,4106292358588.771,13819953335674.92,14212078374135.44,15396561038598.33,144.0,167.8,194.75,319.5,288.25,94.00897563530836,393.25,400.3,418.0,1.0,1.0,1.0,1.0,1.0,0.0,1.0,1.0,1.0,100.0,100.0,100.0,100.0,100.0,0.0,100.0,100.0,100.0,0.0,0.0,0.0,0.0,0.0,0.0,0.0,0.0,0.0
27,15396561038598.33,15.39656502859933,14.285714285714285,15.39656502859933,3.989999999999959,0,1,133.68688517063856,399,15396561.03859833,"[0.0, 15.39656502859933, -3.989999999999959, -1.0]",0.1,0.25,immediate,1,0,1.0,1.0,0,48,48,0,0,48,0,48,0,48,0,138.88999999999908,3456.1499999999805,13889,345615,4.463169199996628,101.25742819998413,9.108797652380808,7.499999999999999,9.108797652380808,9108794.75883814,2.8935416666666476,1.0,100.0,0.0,,,,,,,,3.3854729788643976,4.309998103550503,5.058683667864118,9.627246856689453,9.108797652380808,4.2051126775085494,13.682169233049665,14.447873796735491,15.39656502859933,2.857142857142857,2.857142857142857,2.857142857142857,8.571428571428571,7.499999999999999,4.349720453915502,11.428571428571429,14.285714285714285,14.285714285714285,3.3854729788643976,4.309998103550503,5.058683667864118,9.627246856689453,9.108797652380808,4.2051126775085494,13.682169233049665,14.447873796735491,15.39656502859933,1.380000000000001,1.7150000000000014,1.9825000000000013,3.234999999999975,2.8935416666666476,0.9476362909526636,3.889999999999961,3.992999999999959,4.089999999999957,24.795113123953342,34.61095231100917,43.42296605929732,95.07691176608205,83.94254261953756,41.181844417905396,128.27978483214974,133.85040436461568,139.1811818778515,3385471.5988633973,4309996.388549502,5058681.685363118,9627243.611688454,9108794.75883814,4205111.742667395,13682165.330548665,14447869.80473449,15396561.03859833,3385471598863.3975,4309996388549.5024,5058681685363.118,9627243611688.453,9108794758838.139,4205111742667.3945,13682165330548.664,14447869804734.49,15396561038598.33,138.0,171.5,198.25,323.5,289.3541666666667,94.76362909526816,389.0,399.3,409.0,1.0,1.0,1.0,1.0,1.0,0.0,1.0,1.0,1.0,100.0,100.0,100.0,100.0,100.0,0.0,100.0,100.0,100.0,0.0,0.0,0.0,0.0,0.0,0.0,0.0,0.0,0.0
28,15396561038598.33,15.39656502859933,14.285714285714285,15.39656502859933,3.989999999999959,0,1,133.68688517063856,399,15396561.03859833,"[0.0, 15.39656502859933, -3.989999999999959, -1.0]",0.1,0.25,immediate,1,0,1.0,1.0,0,48,48,0,0,48,0,48,0,48,0,140.17999999999904,3596.3299999999795,14018,359633,4.6646594000048935,105.99482879997231,9.323740629922776,7.797619047619048,9.323740629922776,9323737.70950511,2.9204166666666467,1.0,100.0,0.0,,,,,,,,3.3054242815290182,4.007715497698103,5.023040771484375,9.796525410243444,9.323740629922776,4.416550287402223,13.995787756783622,14.533793313162668,15.39656502859933,2.857142857142857,2.857142857142857,2.857142857142857,8.571428571428571,7.797619047619048,4.61952317139613,11.428571428571429,14.285714285714285,14.285714285714285,3.3054242815290182,4.007715497698103,5.023040771484375,9.796525410243444,9.323740629922776,4.416550287402223,13.995787756783622,14.533793313162668,15.39656502859933,1.350000000000001,1.6110000000000013,1.9700000000000015,3.2499999999999747,2.9204166666666467,0.9994184941198815,3.93249999999996,4.025999999999959,4.179999999999955,23.9840387403965,31.41589398160577,42.9801334515214,95.79305770248175,85.38576242839918,43.09367288859865,130.56733956746757,134.94285866618156,144.19823526591063,3305422.931528018,4007713.886697103,5023038.801483375,9796522.145242443,9323737.70950511,4416549.298310645,13995783.764282621,14533789.240161669,15396561.03859833,3305422931528.018,4007713886697.103,5023038801483.375,9796522145242.443,9323737709505.11,4416549298310.645,13995783764282.621,14533789240161.668,15396561038598.33,135.0,161.1,197.0,325.0,292.0416666666667,99.94184941199002,393.25,402.6,418.0,1.0,1.0,1.0,1.0,1.0,0.0,1.0,1.0,1.0,100.0,100.0,100.0,100.0,100.0,0.0,100.0,100.0,100.0,0.0,0.0,0.0,0.0,0.0,0.0,0.0,0.0,0.0
29,15396561038598.33,15.39656502859933,14.285714285714285,15.39656502859933,3.989999999999959,0,1,133.68688517063856,399,15396561.03859833,"[0.0, 15.39656502859933, -3.989999999999959, -1.0]",0.1,0.25,immediate,1,0,1.0,1.0,0,48,48,0,0,48,0,48,0,48,0,136.7699999999991,3733.0999999999785,13677,373310,4.501697700005025,110.56806610000785,8.98608167966207,7.44047619047619,8.98608167966207,8986078.830286069,2.849374999999981,1.0,100.0,0.0,,,,,,,,3.5858045305524557,4.117427825927734,4.756935664585659,9.787946428571427,8.98608167966207,4.134024248940773,13.541071755545481,14.739047459193639,15.39656502859933,2.857142857142857,2.857142857142857,2.857142857142857,8.571428571428571,7.44047619047619,4.235402435052432,11.428571428571429,14.285714285714285,14.285714285714285,3.5858045305524557,4.117427825927734,4.756935664585659,9.787946428571427,8.98608167966207,4.134024248940773,13.541071755545481,14.739047459193639,15.39656502859933,1.470000000000001,1.6470000000000014,1.8775000000000015,3.2199999999999753,2.849374999999981,0.9453733967988347,3.8224999999999625,4.019999999999959,4.079999999999957,26.91179183870554,32.52080368772149,39.855715634301305,94.36290703713894,81.97382904697831,40.76886722583809,124.67973961681128,135.32601260244846,138.627594307065,3585803.0505514555,4117426.1789267343,4756933.787084659,9787943.238570428,8986078.830286069,4134023.317312753,13541067.81804448,14739043.430192638,15396561.03859833,3585803050551.4556,4117426178926.7344,4756933787084.658,9787943238570.428,8986078830286.068,4134023317312.753,13541067818044.48,14739043430192.639,15396561038598.33,147.0,164.7,187.75,322.0,284.9375,94.53733967988522,382.25,402.0,408.0,1.0,1.0,1.0,1.0,1.0,0.0,1.0,1.0,1.0,100.0,100.0,100.0,100.0,100.0,0.0,100.0,100.0,100.0,0.0,0.0,0.0,0.0,0.0,0.0,0.0,0.0,0.0
30,15396561038598.33,15.39656502859933,14.285714285714285,15.39656502859933,3.989999999999959,0,1,133.68688517063856,399,15396561.03859833,"[0.0, 15.39656502859933, -3.989999999999959, -1.0]",0.1,0.25,immediate,1,0,1.0,1.0,0,48,48,0,0,48,0,48,0,48,0,138.34999999999906,3871.4499999999775,13835,387145,4.281276199966669,114.91994519997388,9.108249743779501,7.3809523809523805,9.108249743779501,9108246.861486834,2.882291666666647,1.0,100.0,0.0,,,,,,,,3.4659194946289067,4.011389596121652,4.867843900408064,9.828709193638392,9.108249743779501,4.371727755063999,13.931455612182617,14.280770983014788,15.39656502859933,2.857142857142857,2.857142857142857,2.857142857142857,8.571428571428571,7.3809523809523805,4.239165193991632,11.428571428571429,12.285714285714297,14.285714285714285,3.4659194946289067,4.011389596121652,4.867843900408064,9.828709193638392,9.108249743779501,4.371727755063999,13.931455612182617,14.280770983014788,15.39656502859933,1.410000000000001,1.6090000000000013,1.9150000000000014,3.2699999999999743,2.882291666666647,1.0071416641154234,3.93249999999996,4.042999999999958,4.179999999999955,25.617197513580322,31.36148197129369,41.11047598533332,96.75026179850101,83.78028002598633,43.53094056154637,130.0270634200424,136.58803459182383,144.19799486547709,3465918.084627907,4011387.987120652,4867841.985407064,9828705.883637393,9108246.861486834,4371726.758741577,13931451.672181617,14280766.953013789,15396561.03859833,3465918084627.9067,4011387987120.652,4867841985407.064,9828705883637.393,9108246861486.834,4371726758741.577,13931451672181.617,14280766953013.79,15396561038598.33,141.0,160.9,191.5,327.0,288.2291666666667,100.71416641154421,393.25,404.3,418.0,1.0,1.0,1.0,1.0,1.0,0.0,1.0,1.0,1.0,100.0,100.0,100.0,100.0,100.0,0.0,100.0,100.0,100.0,0.0,0.0,0.0,0.0,0.0,0.0,0.0,0.0,0.0
31,15396561038598.33,15.39656502859933,14.285714285714285,15.39656502859933,3.989999999999959,0,1,133.68688517063856,399,15396561.03859833,"[0.0, 15.39656502859933, -3.989999999999959, -1.0]",0.1,0.25,immediate,1,0,1.0,1.0,0,48,48,0,0,48,0,48,0,48,0,161.31999999999863,4032.7699999999763,16132,403277,4.973007199994754,120.02663350000512,11.163239819662913,9.226190476190476,11.163239819662913,11163236.458828578,3.360833333333305,1.0,100.0,0.0,,,,,,,,3.572714669363839,4.544563293457031,9.773236683436803,13.591390337262833,11.163239819662913,3.87503301014639,14.018395287649971,14.249594007219587,15.39656502859933,2.857142857142857,2.857142857142857,8.571428571428571,11.428571428571429,9.226190476190476,3.7904096368888016,11.428571428571429,12.285714285714297,14.285714285714285,3.572714669363839,4.544563293457031,9.773236683436803,13.591390337262833,11.163239819662913,3.87503301014639,14.018395287649971,14.249594007219587,15.39656502859933,1.450000000000001,1.8000000000000014,3.2074999999999756,3.854999999999962,3.360833333333305,0.8745780728760163,3.982499999999959,4.0829999999999576,4.179999999999955,26.731896437704563,37.31394084692001,93.70532577857375,126.40660546347499,104.92682112070422,38.51809868468017,133.2784146554768,138.7937078669667,144.19790671020746,3572713.2193628387,4544561.493456031,9773233.465935802,13591386.397261836,11163236.458828578,3875032.147584974,14018391.365148973,14249589.929218588,15396561.03859833,3572713219362.839,4544561493456.031,9773233465935.803,13591386397261.834,11163236458828.578,3875032147584.9736,14018391365148.973,14249589929218.588,15396561038598.33,145.0,180.0,320.75,385.5,336.0833333333333,87.45780728760329,398.25,408.3,418.0,1.0,1.0,1.0,1.0,1.0,0.0,1.0,1.0,1.0,100.0,100.0,100.0,100.0,100.0,0.0,100.0,100.0,100.0,0.0,0.0,0.0,0.0,0.0,0.0,0.0,0.0,0.0
32,15396561038598.33,15.39656502859933,14.285714285714285,15.39656502859933,3.989999999999959,0,1,133.68688517063856,399,15396561.03859833,"[0.0, 15.39656502859933, -3.989999999999959, -1.0]",0.1,0.25,immediate,1,0,1.0,1.0,0,48,48,0,0,48,0,48,0,48,0,152.14999999999884,4184.9199999999755,15215,418492,5.889319000008982,125.99667269998463,10.266237202144804,8.392857142857144,10.266237202144804,10266234.032352138,3.1697916666666424,1.0,100.0,0.0,,,,,,,,3.5990360804966515,4.953329903738839,5.669881275721959,10.543093000139509,10.266237202144804,3.780219250003733,13.917480196271624,14.509861537388392,15.39656502859933,2.857142857142857,2.857142857142857,2.857142857142857,8.571428571428571,8.392857142857144,3.8864079387870056,11.428571428571429,14.285714285714285,14.285714285714285,3.5990360804966515,4.953329903738839,5.669881275721959,10.543093000139509,10.266237202144804,3.780219250003733,13.917480196271624,14.509861537388392,15.39656502859933,1.460000000000001,1.9460000000000013,2.197499999999997,3.3649999999999722,3.1697916666666424,0.8374800733533075,3.93249999999996,4.025999999999959,4.099999999999957,27.013237081468105,42.19945038631558,51.08261936344206,101.35081825777888,95.48029354695852,37.02161296744335,130.56668567098677,135.65494481921198,139.73489706218243,3599034.6204956514,4953327.957737841,5669879.078220959,10543089.600138508,10266234.032352138,3780218.423569402,13917476.218770625,14509857.473387392,15396561.03859833,3599034620495.6514,4953327957737.84,5669879078220.959,10543089600138.508,10266234032352.139,3780218423569.4023,13917476218770.625,14509857473387.393,15396561038598.33,146.0,194.6,219.75,336.5,316.9791666666667,83.7480073353324,393.25,402.6,410.0,1.0,1.0,1.0,1.0,1.0,0.0,1.0,1.0,1.0,100.0,100.0,100.0,100.0,100.0,0.0,100.0,100.0,100.0,0.0,0.0,0.0,0.0,0.0,0.0,0.0,0.0,0.0
33,15396561038598.33,15.39656502859933,14.285714285714285,15.39656502859933,3.989999999999959,0,1,133.68688517063856,399,15396561.03859833,"[0.0, 15.39656502859933, -3.989999999999959, -1.0]",0.1,0.25,immediate,1,0,1.0,1.0,0,48,48,0,0,48,0,48,0,48,0,147.35999999999893,4332.279999999974,14736,433228,5.792633400007617,131.8584414999932,9.86940446354094,8.39285714285714,9.86940446354094,9869401.393539941,3.0699999999999776,1.0,100.0,0.0,,,,,,,,3.5719081333705356,4.444138663155693,5.27848516191755,10.242229189191546,9.86940446354094,4.073592847159924,13.975282396589007,14.509316580636161,15.39656502859933,2.857142857142857,2.857142857142857,2.857142857142857,8.571428571428571,8.39285714285714,4.418816060230348,11.428571428571429,14.285714285714285,14.285714285714285,3.5719081333705356,4.444138663155693,5.27848516191755,10.242229189191546,9.86940446354094,4.073592847159924,13.975282396589007,14.509316580636161,15.39656502859933,1.450000000000001,1.7640000000000013,2.0575,3.2699999999999743,3.0699999999999776,0.9121243519023606,3.9599999999999596,4.012999999999959,4.159999999999956,26.73150224238634,36.15813021808863,46.04504116252065,96.75171945989132,91.50134745410953,39.94872351991462,132.05544029176235,134.94329323470592,143.07711513340473,3571906.6833695355,4444136.899154692,5278483.104416551,10242225.849190546,9869401.393539941,4073591.9479047996,13975278.349088006,14509312.66363516,15396561.03859833,3571906683369.5356,4444136899154.692,5278483104416.551,10242225849190.547,9869401393539.94,4073591947904.8,13975278349088.008,14509312663635.162,15396561038598.33,145.0,176.4,205.75,327.0,307.0,91.21243519023781,396.0,401.3,416.0,1.0,1.0,1.0,1.0,1.0,0.0,1.0,1.0,1.0,100.0,100.0,100.0,100.0,100.0,0.0,100.0,100.0,100.0,0.0,0.0,0.0,0.0,0.0,0.0,0.0,0.0,0.0
34,15396561038598.33,15.39656502859933,14.285714285714285,15.39656502859933,3.989999999999959,0,1,133.68688517063856,399,15396561.03859833,"[0.0, 15.39656502859933, -3.989999999999959, -1.0]",0.1,0.25,immediate,1,0,1.0,1.0,0,48,48,0,0,48,0,48,0,48,0,148.75999999999888,4481.039999999974,14876,448104,7.603091199998744,139.57104379998054,9.948992502121698,8.511904761904761,9.948992502121698,9948989.402954033,3.0991666666666435,1.0,100.0,0.0,,,,,,,,3.462851388113839,4.450661250523158,5.87972913469587,10.044166019984655,9.948992502121698,3.7663966051926607,13.800701413835798,14.521174294607981,15.39656502859933,2.857142857142857,2.857142857142857,5.0,8.571428571428571,8.511904761904761,3.890052870832025,11.428571428571429,14.285714285714285,14.285714285714285,3.462851388113839,4.450661250523158,5.87972913469587,10.044166019984655,9.948992502121698,3.7663966051926607,13.800701413835798,14.521174294607981,15.39656502859933,1.410000000000001,1.7680000000000013,2.2724999999999955,3.229999999999975,3.0991666666666435,0.836131551983416,3.8624999999999616,3.9829999999999592,4.149999999999956,25.61775618046522,36.30967288464308,53.90447471477091,94.83854614198208,92.21719439560547,36.28593886982601,126.8071147184819,133.30565258935093,142.51826114207506,3462849.9781128387,4450659.482522158,5879726.862194871,10044162.829983652,9948989.402954033,3766395.7868847596,13800697.451334799,14521170.232606981,15396561.03859833,3462849978112.839,4450659482522.158,5879726862194.87,10044162829983.652,9948989402954.031,3766395786884.76,13800697451334.797,14521170232606.98,15396561038598.33,141.0,176.8,227.25,323.0,309.9166666666667,83.61315519834316,386.25,398.3,415.0,1.0,1.0,1.0,1.0,1.0,0.0,1.0,1.0,1.0,100.0,100.0,100.0,100.0,100.0,0.0,100.0,100.0,100.0,0.0,0.0,0.0,0.0,0.0,0.0,0.0,0.0,0.0
35,15396561038598.33,15.39656502859933,14.285714285714285,15.39656502859933,3.989999999999959,0,1,133.68688517063856,399,15396561.03859833,"[0.0, 15.39656502859933, -3.989999999999959, -1.0]",0.1,0.25,immediate,1,0,1.0,1.0,0,48,48,0,0,48,0,48,0,48,0,144.81999999999897,4625.859999999972,14482,462586,5.146836199972313,144.82806149998214,9.472984813508532,7.7976190476190474,9.472984813508532,9472981.7964242,3.017083333333312,1.0,100.0,0.0,,,,,,,,3.5464205060686385,4.202633449009486,5.383401598249163,10.250255039760045,9.472984813508532,3.8138832795052617,13.32631928580148,13.951081957135882,15.39656502859933,2.857142857142857,2.857142857142857,2.857142857142857,8.571428571428571,7.7976190476190474,3.7679088614520144,11.428571428571429,11.428571428571429,14.285714285714285,3.5464205060686385,4.202633449009486,5.383401598249163,10.250255039760045,9.472984813508532,3.8138832795052617,13.32631928580148,13.951081957135882,15.39656502859933,1.440000000000001,1.6770000000000014,2.0949999999999993,3.2599999999999745,3.017083333333312,0.8949580025838413,3.93499999999996,4.041999999999958,4.149999999999956,26.451430432498455,33.42653576359153,47.363024370744824,96.27251152321696,88.7791068139486,38.62689079274808,129.09898830018938,134.34323576167228,142.51851645857096,3546419.066067639,4202631.772008486,5383399.5032481635,10250251.779759046,9472981.7964242,3813882.398953082,13326315.243300479,13951077.902134882,15396561.03859833,3546419066067.6387,4202631772008.4863,5383399503248.163,10250251779759.045,9472981796424.201,3813882398953.0815,13326315243300.48,13951077902134.883,15396561038598.33,144.0,167.7,209.5,326.0,301.7083333333333,89.4958002583858,393.5,404.20000000000005,415.0,1.0,1.0,1.0,1.0,1.0,0.0,1.0,1.0,1.0,100.0,100.0,100.0,100.0,100.0,0.0,100.0,100.0,100.0,0.0,0.0,0.0,0.0,0.0,0.0,0.0,0.0,0.0
36,15396561038598.33,15.39656502859933,14.285714285714285,15.39656502859933,3.989999999999959,0,1,133.68688517063856,399,15396561.03859833,"[0.0, 15.39656502859933, -3.989999999999959, -1.0]",0.1,0.25,immediate,1,0,1.0,1.0,0,48,48,0,0,48,0,48,0,48,0,149.99999999999886,4775.8599999999715,15000,477586,4.876135600032285,149.78219060000265,10.037138972963605,8.273809523809524,10.037138972963605,10037135.847962605,3.1249999999999765,1.0,100.0,0.0,,,,,,,,3.764610290527344,4.511437552315848,5.495070048740931,10.433311462402344,10.037138972963605,3.9582687060148847,13.638796125139509,14.125525338309153,15.39656502859933,2.857142857142857,2.857142857142857,2.857142857142857,8.571428571428571,8.273809523809524,4.050681614487877,11.428571428571429,12.285714285714297,14.285714285714285,3.764610290527344,4.511437552315848,5.495070048740931,10.433311462402344,10.037138972963605,3.9582687060148847,13.638796125139509,14.125525338309153,15.39656502859933,1.5200000000000011,1.7900000000000014,2.1274999999999986,3.2649999999999744,3.1249999999999765,0.9073450280901793,3.9724999999999593,4.042999999999958,4.119999999999957,28.728931985795498,37.003418476879595,48.53022787719965,96.510257974267,94.00689896475524,40.046887389433486,132.73458783887327,136.58849148005248,140.8463986888528,3764608.7705263444,4511435.762314849,5495067.921239932,10433308.142401345,10037135.847962605,3958267.80716324,13638792.040138507,14125521.310308153,15396561.03859833,3764608770526.344,4511435762314.849,5495067921239.932,10433308142401.344,10037135847962.607,3958267807163.2397,13638792040138.508,14125521310308.154,15396561038598.33,152.0,179.0,212.75,326.5,312.5,90.73450280901967,397.25,404.3,412.0,1.0,1.0,1.0,1.0,1.0,0.0,1.0,1.0,1.0,100.0,100.0,100.0,100.0,100.0,0.0,100.0,100.0,100.0,0.0,0.0,0.0,0.0,0.0,0.0,0.0,0.0,0.0
37,15396561038598.33,15.39656502859933,14.285714285714285,15.39656502859933,3.989999999999959,0,1,133.68688517063856,399,15396561.03859833,"[0.0, 15.39656502859933, -3.989999999999959, -1.0]",0.1,0.25,immediate,1,0,1.0,1.0,0,48,48,0,0,48,0,48,0,48,0,146.8299999999989,4922.6899999999705,14683,492269,5.186458299984224,155.0484979999601,9.900001968656268,8.095238095238095,9.900001968656268,9899998.909696935,3.0589583333333104,1.0,100.0,0.0,,,,,,,,3.4796197073800226,3.931755065917969,5.054548808506557,13.183838980538503,9.900001968656268,4.504901627825143,13.914763586861747,14.110113416399274,15.39656502859933,2.857142857142857,2.857142857142857,2.857142857142857,11.428571428571429,8.095238095238095,4.298921448873283,11.428571428571429,11.428571428571429,14.285714285714285,3.4796197073800226,3.931755065917969,5.054548808506557,13.183838980538503,9.900001968656268,4.504901627825143,13.914763586861747,14.110113416399274,15.39656502859933,1.410000000000001,1.5800000000000012,1.9825000000000013,3.8299999999999623,3.0589583333333104,1.0462338003192762,3.9749999999999592,4.039999999999958,4.129999999999956,25.617603801190853,30.488810686022042,43.42326892353594,125.07758220285177,92.31875701760873,45.56246132652838,132.87076619826257,136.42332890555264,141.40278559923172,3479618.2973790225,3931753.485916969,5054546.826005558,13183835.130537504,9899998.909696935,4504900.590449858,13914759.546860747,14110109.417398274,15396561.03859833,3479618297379.0225,3931753485916.969,5054546826005.557,13183835130537.504,9899998909696.936,4504900590449.858,13914759546860.748,14110109417398.275,15396561038598.33,141.0,158.0,198.25,383.0,305.8958333333333,104.62338003192954,397.5,404.0,413.0,1.0,1.0,1.0,1.0,1.0,0.0,1.0,1.0,1.0,100.0,100.0,100.0,100.0,100.0,0.0,100.0,100.0,100.0,0.0,0.0,0.0,0.0,0.0,0.0,0.0,0.0,0.0
38,15396561038598.33,15.39656502859933,14.285714285714285,15.39656502859933,3.989999999999959,0,1,133.68688517063856,399,15396561.03859833,"[0.0, 15.39656502859933, -3.989999999999959, -1.0]",0.1,0.25,immediate,1,0,1.0,1.0,0,48,48,0,0,48,0,48,0,48,0,155.04999999999876,5077.739999999969,15505,507774,5.155535000027157,160.27869830001146,10.384555884769984,8.69047619047619,10.384555884769984,10384552.654560652,3.2302083333333074,1.0,100.0,0.0,,,,,,,,3.569286891392299,4.915505000523159,5.990766797746931,10.783421652657644,10.384555884769984,3.636133639657721,13.701073782784597,14.223248617989677,15.39656502859933,2.857142857142857,2.857142857142857,5.714285714285714,8.571428571428571,8.69047619047619,3.3985958151476656,11.428571428571429,11.428571428571429,14.285714285714285,3.569286891392299,4.915505000523159,5.990766797746931,10.783421652657644,10.384555884769984,3.636133639657721,13.701073782784597,14.223248617989677,15.39656502859933,1.450000000000001,1.9330000000000016,2.3274999999999944,3.419999999999971,3.2302083333333074,0.8162324260061363,3.9224999999999604,4.052999999999958,4.139999999999956,26.731310464441776,41.7280048660934,55.973254073411226,104.05322465673089,98.15475273240979,36.126361980611584,130.02691412717104,137.13810470104218,141.95997271686792,3569285.441391299,4915503.067522159,5990764.470245931,10783418.292656645,10384552.654560652,3636132.8377280734,13701069.740283597,14223244.617988678,15396561.03859833,3569285441391.299,4915503067522.159,5990764470245.932,10783418292656.645,10384552654560.65,3636132837728.073,13701069740283.598,14223244617988.678,15396561038598.33,145.0,193.3,232.75,342.0,323.0208333333333,81.62324260061523,392.25,405.3,414.0,1.0,1.0,1.0,1.0,1.0,0.0,1.0,1.0,1.0,100.0,100.0,100.0,100.0,100.0,0.0,100.0,100.0,100.0,0.0,0.0,0.0,0.0,0.0,0.0,0.0,0.0,0.0
39,15396561038598.33,15.39656502859933,14.285714285714285,15.39656502859933,3.989999999999959,0,1,133.68688517063856,399,15396561.03859833,"[0.0, 15.39656502859933, -3.989999999999959, -1.0]",0.1,0.25,immediate,1,0,1.0,1.0,0,48,48,0,0,48,0,48,0,48,0,144.91999999999894,5222.659999999968,14492,522266,5.376152399985585,165.73353379999753,9.538217953273229,7.7976190476190474,9.538217953273229,9538214.934105562,3.0191666666666443,1.0,100.0,0.0,,,,,,,,3.466687883649554,4.135992322649274,5.494574138096401,9.935730525425502,9.538217953273229,3.963636540423433,13.65746361868722,14.087588718959264,15.39656502859933,2.857142857142857,2.857142857142857,2.857142857142857,8.571428571428571,7.7976190476190474,3.9443226802450746,11.428571428571429,11.428571428571429,14.285714285714285,3.466687883649554,4.135992322649274,5.494574138096401,9.935730525425502,9.538217953273229,3.963636540423433,13.65746361868722,14.087588718959264,15.39656502859933,1.410000000000001,1.6540000000000012,2.1299999999999986,3.3099999999999734,3.0191666666666443,0.9365802896115506,3.9699999999999593,4.072999999999958,4.109999999999957,25.617593601346016,32.71985757127404,48.61923820525408,98.67702125012875,89.43036080927898,40.88281044572309,132.598283495754,138.24107997640968,140.29011941701174,3466686.4736485537,4135990.6686482746,5494572.0080954,9935727.215424504,9538214.934105562,3963635.617272279,13657459.73368622,14087584.656958263,15396561.03859833,3466686473648.5537,4135990668648.2744,5494572008095.4,9935727215424.504,9538214934105.562,3963635617272.279,13657459733686.22,14087584656958.264,15396561038598.33,141.0,165.4,213.0,331.0,301.9166666666667,93.65802896115682,397.0,407.3,411.0,1.0,1.0,1.0,1.0,1.0,0.0,1.0,1.0,1.0,100.0,100.0,100.0,100.0,100.0,0.0,100.0,100.0,100.0,0.0,0.0,0.0,0.0,0.0,0.0,0.0,0.0,0.0
40,15396561038598.33,15.39656502859933,14.285714285714285,15.39656502859933,3.989999999999959,0,1,133.68688517063856,399,15396561.03859833,"[0.0, 15.39656502859933, -3.989999999999959, -1.0]",0.1,0.25,immediate,1,0,1.0,1.0,0,48,48,0,0,48,0,48,0,48,0,160.02999999999867,5382.689999999967,16003,538269,5.611624400014989,171.42014429997653,10.95831831296285,9.285714285714286,10.95831831296285,10958314.979003517,3.3339583333333054,1.0,100.0,0.0,,,,,,,,3.4198270525251115,4.0878415788922995,9.423087665012904,13.322481427873885,10.95831831296285,3.9029476612924587,14.022911616734095,14.561951773507253,15.39656502859933,2.857142857142857,2.857142857142857,8.571428571428571,11.428571428571429,9.285714285714286,3.8020760530169784,11.428571428571429,14.285714285714285,14.285714285714285,3.4198270525251115,4.0878415788922995,9.423087665012904,13.322481427873885,10.95831831296285,3.9029476612924587,14.022911616734095,14.561951773507253,15.39656502859933,1.390000000000001,1.6370000000000013,3.2099999999999755,3.8749999999999614,3.3339583333333054,0.8975400167107829,3.9999999999999587,4.112999999999957,4.179999999999955,25.06738954782486,32.201292207837106,93.88998029381037,127.47536687552929,103.8315792392629,39.40289270106468,134.23200809583068,140.45684721320868,144.19804231077433,3419825.662524111,4087839.941891299,9423084.415011905,13322477.412872884,10958314.979003517,3902946.7800093954,14022907.554233097,14561947.685506254,15396561.03859833,3419825662524.1113,4087839941891.2993,9423084415011.904,13322477412872.885,10958314979003.516,3902946780009.3955,14022907554233.098,14561947685506.254,15396561038598.33,139.0,163.7,321.0,387.5,333.3958333333333,89.75400167107995,400.0,411.3,418.0,1.0,1.0,1.0,1.0,1.0,0.0,1.0,1.0,1.0,100.0,100.0,100.0,100.0,100.0,0.0,100.0,100.0,100.0,0.0,0.0,0.0,0.0,0.0,0.0,0.0,0.0,0.0
41,15396561038598.33,15.39656502859933,14.285714285714285,15.39656502859933,3.989999999999959,0,1,133.68688517063856,399,15396561.03859833,"[0.0, 15.39656502859933, -3.989999999999959, -1.0]",0.1,0.25,immediate,1,0,1.0,1.0,0,48,48,0,0,48,0,48,0,48,0,150.37999999999886,5533.069999999966,15038,553307,6.052484199986793,177.5566555999685,10.20059415272304,8.511904761904761,10.20059415272304,10200591.019805374,3.132916666666643,1.0,100.0,0.0,,,,,,,,3.516322544642857,4.337686811174665,5.511560440063477,10.745504924229213,10.20059415272304,4.05653658578028,13.980915887015207,14.36754390171596,15.39656502859933,2.857142857142857,2.857142857142857,2.857142857142857,8.571428571428571,8.511904761904761,4.01906948199876,11.428571428571429,14.285714285714285,14.285714285714285,3.516322544642857,4.337686811174665,5.511560440063477,10.745504924229213,10.20059415272304,4.05653658578028,13.980915887015207,14.36754390171596,15.39656502859933,1.430000000000001,1.7280000000000013,2.1374999999999984,3.3449999999999727,3.132916666666643,0.9239339765673322,3.94749999999996,4.065999999999958,4.139999999999956,26.17195824533701,35.01869387999177,48.88914571329951,100.37522446364164,94.5369755832168,40.363471032168334,131.37879935652018,137.8546051479876,141.96011313796043,3516321.1146418573,4337685.083173665,5511558.302562476,10745501.559228214,10200591.019805374,4056535.674450326,13980911.984514207,14367539.82471496,15396561.03859833,3516321114641.8574,4337685083173.665,5511558302562.477,10745501559228.215,10200591019805.373,4056535674450.3257,13980911984514.207,14367539824714.96,15396561038598.33,143.0,172.8,213.75,334.5,313.2916666666667,92.39339765673496,394.75,406.6,414.0,1.0,1.0,1.0,1.0,1.0,0.0,1.0,1.0,1.0,100.0,100.0,100.0,100.0,100.0,0.0,100.0,100.0,100.0,0.0,0.0,0.0,0.0,0.0,0.0,0.0,0.0,0.0
42,15396561038598.33,15.39656502859933,14.285714285714285,15.39656502859933,3.989999999999959,0,1,133.68688517063856,399,15396561.03859833,"[0.0, 15.39656502859933, -3.989999999999959, -1.0]",0.1,0.25,immediate,1,0,1.0,1.0,0,48,48,0,0,48,0,48,0,48,0,154.66999999999877,5687.739999999965,15467,568774,5.777588900004048,183.41906879999442,10.673456929978869,8.928571428571429,10.673456929978869,10673453.707686203,3.222291666666641,1.0,100.0,0.0,,,,,,,,3.9046042306082587,4.455171312604631,5.74775423322405,13.268792288643972,10.673456929978869,3.9895302075881967,13.931694030761719,14.670373099190849,15.39656502859933,2.857142857142857,2.857142857142857,5.0,11.428571428571429,8.928571428571429,4.02479559628023,11.428571428571429,14.285714285714285,14.285714285714285,3.9046042306082587,4.455171312604631,5.74775423322405,13.268792288643972,10.673456929978869,3.9895302075881967,13.931694030761719,14.670373099190849,15.39656502859933,1.5700000000000012,1.7670000000000015,2.2274999999999965,3.7799999999999634,3.222291666666641,0.8840089544779464,3.93249999999996,4.022999999999959,4.079999999999957,30.192167580127716,36.25332765206694,52.1976835206151,122.43178479373455,98.36065515022104,38.93320814631533,130.56638689152896,135.49054134935142,138.62776537239552,3904602.660607259,4455169.545603632,5747752.005723052,13268788.508642972,10673453.707686203,3989529.336003244,13931690.095760718,14670369.049189849,15396561.03859833,3904602660607.259,4455169545603.631,5747752005723.051,13268788508642.973,10673453707686.203,3989529336003.244,13931690095760.719,14670369049189.85,15396561038598.33,157.0,176.7,222.75,378.0,322.2291666666667,88.40089544779636,393.25,402.3,408.0,1.0,1.0,1.0,1.0,1.0,0.0,1.0,1.0,1.0,100.0,100.0,100.0,100.0,100.0,0.0,100.0,100.0,100.0,0.0,0.0,0.0,0.0,0.0,0.0,0.0,0.0,0.0
43,15396561038598.33,15.39656502859933,14.285714285714285,15.39656502859933,3.989999999999959,0,1,133.68688517063856,399,15396561.03859833,"[0.0, 15.39656502859933, -3.989999999999959, -1.0]",0.1,0.25,immediate,1,0,1.0,1.0,0,48,48,0,0,48,0,48,0,48,0,154.72999999999877,5842.469999999964,15473,584247,5.266513100010343,188.76901839999482,10.389962139583771,8.75,10.389962139583771,10389958.916041104,3.223541666666641,1.0,100.0,0.0,,,,,,,,3.906936645507812,4.681715284075056,8.463382720947266,10.424368722098215,10.389962139583771,3.6906029200790917,13.893602916172572,14.425966535295759,15.39656502859933,2.857142857142857,2.857142857142857,7.857142857142857,8.571428571428571,8.75,3.797880271654588,11.428571428571429,14.285714285714285,14.285714285714285,3.906936645507812,4.681715284075056,8.463382720947266,10.424368722098215,10.389962139583771,3.6906029200790917,13.893602916172572,14.425966535295759,15.39656502859933,1.5700000000000012,1.8500000000000014,2.9324999999999815,3.329999999999973,3.223541666666641,0.8335103718194082,3.9699999999999593,4.059999999999958,4.149999999999956,30.192285262048244,38.94552262276411,81.83780106529593,99.64622709527612,97.79181103982653,36.785243096188175,132.19096175394952,136.3688086181879,142.49474326521158,3906935.075506812,4681713.434074056,8463379.743446264,10424365.427097213,10389958.916041104,3690602.098329806,13893598.968671571,14425962.539294759,15396561.03859833,3906935075506.812,4681713434074.057,8463379743446.266,10424365427097.215,10389958916041.104,3690602098329.8057,13893598968671.572,14425962539294.758,15396561038598.33,157.0,185.0,293.25,333.0,322.3541666666667,83.35103718194247,397.0,406.0,415.0,1.0,1.0,1.0,1.0,1.0,0.0,1.0,1.0,1.0,100.0,100.0,100.0,100.0,100.0,0.0,100.0,100.0,100.0,0.0,0.0,0.0,0.0,0.0,0.0,0.0,0.0,0.0
44,15396561038598.33,15.39656502859933,14.285714285714285,15.39656502859933,3.989999999999959,0,1,133.68688517063856,399,15396561.03859833,"[0.0, 15.39656502859933, -3.989999999999959, -1.0]",0.1,0.25,immediate,1,0,1.0,1.0,0,48,48,0,0,48,0,48,0,48,0,158.2899999999987,6000.759999999963,15829,600076,5.250752299965825,194.10294219997013,10.770001922334943,8.928571428571429,10.770001922334943,10769998.62462561,3.2977083333333064,1.0,100.0,0.0,,,,,,,,3.526932852608817,4.597918374197824,8.000952856881277,13.049869537353516,10.770001922334943,3.867944439002198,13.833020074026924,14.16482434953962,15.39656502859933,2.857142857142857,2.857142857142857,7.857142857142857,11.428571428571429,8.928571428571429,3.71726071333238,11.428571428571429,11.428571428571429,14.285714285714285,3.526932852608817,4.597918374197824,8.000952856881277,13.049869537353516,10.770001922334943,3.867944439002198,13.833020074026924,14.16482434953962,15.39656502859933,1.450000000000001,1.8180000000000014,2.867499999999983,3.789999999999963,3.2977083333333064,0.8976247350260155,3.9699999999999593,4.109999999999957,4.759999999999943,26.19859392940998,37.89954757317901,78.92850507982075,122.95829226821661,100.7864744264322,38.606120522074896,132.3609983306378,137.8545465581119,141.40213771164417,3526931.4026078167,4597916.556196824,8000949.989380278,13049865.252352513,10769998.62462561,3867943.5627471544,13833016.259025926,14164820.24853862,15396561.03859833,3526931402607.817,4597916556196.824,8000949989380.277,13049865252352.516,10769998624625.61,3867943562747.1543,13833016259025.926,14164820248538.62,15396561038598.33,145.0,181.8,286.75,379.0,329.7708333333333,89.76247350260329,397.0,411.0,476.0,1.0,1.0,1.0,1.0,1.0,0.0,1.0,1.0,1.0,100.0,100.0,100.0,100.0,100.0,0.0,100.0,100.0,100.0,0.0,0.0,0.0,0.0,0.0,0.0,0.0,0.0,0.0
45,15396561038598.33,15.39656502859933,14.285714285714285,15.39656502859933,3.989999999999959,0,1,133.68688517063856,399,15396561.03859833,"[0.0, 15.39656502859933, -3.989999999999959, -1.0]",0.1,0.25,immediate,1,0,1.0,1.0,0,48,48,0,0,48,0,48,0,48,0,162.1499999999986,6162.909999999962,16215,616291,5.7794746000436135,199.96148140000878,11.239240510123116,9.583333333333334,11.239240510123116,11239237.131997116,3.378124999999971,1.0,100.0,0.0,,,,,,,,3.706327165876116,3.982500893729074,9.762837546212332,13.446241106305802,11.239240510123116,3.9232721999597526,14.046362468174525,14.571610042027064,15.39656502859933,2.857142857142857,2.857142857142857,8.571428571428571,11.428571428571429,9.583333333333334,3.80161008377042,11.428571428571429,14.285714285714285,14.285714285714285,3.706327165876116,3.982500893729074,9.762837546212332,13.446241106305802,11.239240510123116,3.9232721999597526,14.046362468174525,14.571610042027064,15.39656502859933,1.500000000000001,1.7120000000000013,3.227499999999975,3.849999999999962,3.378124999999971,0.8837883802368289,3.992499999999959,4.059999999999958,4.3099999999999525,28.152103550732136,31.006932197511198,94.71927650459111,126.14224356785417,105.32164044491947,38.77540521614291,133.8232980929315,137.13815076127648,143.07761221379042,3706325.665875116,3982499.1977280737,9762834.256211333,13446237.151304804,11239237.131997116,3923271.3313015653,14046358.473173525,14571605.984026065,15396561.03859833,3706325665875.1157,3982499197728.0737,9762834256211.332,13446237151304.803,11239237131997.117,3923271331301.5654,14046358473173.525,14571605984026.064,15396561038598.33,150.0,171.2,322.75,385.0,337.8125,88.37883802368454,399.25,406.0,431.0,1.0,1.0,1.0,1.0,1.0,0.0,1.0,1.0,1.0,100.0,100.0,100.0,100.0,100.0,0.0,100.0,100.0,100.0,0.0,0.0,0.0,0.0,0.0,0.0,0.0,0.0,0.0
46,15396561038598.33,15.39656502859933,14.285714285714285,15.39656502859933,3.989999999999959,0,1,133.68688517063856,399,15396561.03859833,"[0.0, 15.39656502859933, -3.989999999999959, -1.0]",0.1,0.25,immediate,1,0,1.0,1.0,0,48,48,0,0,48,0,48,0,48,0,154.98999999999876,6317.8999999999605,15499,631790,5.718066200031899,205.75729239999782,10.535601207188199,8.869047619047619,10.535601207188199,10535597.978228865,3.2289583333333076,1.0,100.0,0.0,,,,,,,,3.5503605433872765,4.447821480887277,5.475796290806361,11.145448684692383,10.535601207188199,3.994405661191223,13.948627199445454,14.509371621268137,15.39656502859933,2.857142857142857,2.857142857142857,2.857142857142857,8.571428571428571,8.869047619047619,4.174737082166422,11.428571428571429,14.285714285714285,14.285714285714285,3.5503605433872765,4.447821480887277,5.475796290806361,11.145448684692383,10.535601207188199,3.994405661191223,13.948627199445454,14.509371621268137,15.39656502859933,1.440000000000001,1.8540000000000014,2.1299999999999986,3.46999999999997,3.2289583333333076,0.9231902105907118,4.002499999999959,4.072999999999958,4.539999999999948,26.451193407177925,36.29577061161399,48.61788220517337,106.55114879086614,97.52154678385705,39.750552080978956,132.7345115635544,136.75312542766332,140.84597764909267,3550359.1033862764,4447819.577886277,5475794.160805361,11145445.259691384,10535597.978228865,3994404.7553347102,13948623.224444453,14509367.635267138,15396561.03859833,3550359103386.2764,4447819577886.277,5475794160805.361,11145445259691.383,10535597978228.865,3994404755334.71,13948623224444.453,14509367635267.139,15396561038598.33,144.0,185.4,213.0,347.0,322.8958333333333,92.31902105907297,400.25,407.3,454.0,1.0,1.0,1.0,1.0,1.0,0.0,1.0,1.0,1.0,100.0,100.0,100.0,100.0,100.0,0.0,100.0,100.0,100.0,0.0,0.0,0.0,0.0,0.0,0.0,0.0,0.0,0.0
47,15396561038598.33,15.39656502859933,14.285714285714285,15.39656502859933,3.989999999999959,0,1,133.68688517063856,399,15396561.03859833,"[0.0, 15.39656502859933, -3.989999999999959, -1.0]",0.1,0.25,immediate,1,0,1.0,1.0,0,48,48,0,0,48,0,48,0,48,0,158.8099999999987,6476.709999999959,15881,647671,5.645765800029039,211.4861852999893,10.596471343721662,8.869047619047619,10.596471343721662,10596468.035178995,3.3085416666666396,1.0,100.0,0.0,,,,,,,,3.656294686453683,4.822855268205916,8.65170819418771,10.79618181501116,10.596471343721662,3.749012865510139,13.935749871390206,14.521703992571151,15.39656502859933,2.857142857142857,2.857142857142857,7.857142857142857,8.571428571428571,8.869047619047619,3.879107800031218,11.428571428571429,14.285714285714285,14.285714285714285,3.656294686453683,4.822855268205916,8.65170819418771,10.79618181501116,10.596471343721662,3.749012865510139,13.935749871390206,14.521703992571151,15.39656502859933,1.6300000000000012,1.9210000000000016,3.229999999999975,3.424999999999971,3.3085416666666396,0.8210968009907208,3.9224999999999604,4.032999999999959,4.9699999999999385,29.938019996101502,40.60621674582362,83.79223124496639,102.82254191860557,98.54931966148554,36.43780950449406,129.08510669879615,136.03888135924936,144.19849875569344,3656290.706452683,4822853.368204916,8651705.21918671,10796178.46001016,10596468.035178995,3749012.130629892,13935746.041389206,14521700.04357015,15396561.03859833,3656290706452.683,4822853368204.916,8651705219186.71,10796178460010.16,10596468035178.994,3749012130629.8926,13935746041389.205,14521700043570.15,15396561038598.33,163.0,192.1,323.0,342.5,330.8541666666667,82.10968009907371,392.25,403.3,497.0,1.0,1.0,1.0,1.0,1.0,0.0,1.0,1.0,1.0,100.0,100.0,100.0,100.0,100.0,0.0,100.0,100.0,100.0,0.0,0.0,0.0,0.0,0.0,0.0,0.0,0.0,0.0
48,15396561038598.33,15.39656502859933,14.285714285714285,15.39656502859933,3.989999999999959,0,1,133.68688517063856,399,15396561.03859833,"[0.0, 15.39656502859933, -3.989999999999959, -1.0]",0.1,0.25,immediate,1,0,1.0,1.0,0,48,48,0,0,48,0,48,0,48,0,156.9499999999987,6633.659999999958,15695,663366,5.593823799979873,217.16164929996012,9.838177192778815,8.154761904761903,9.838177192778815,9838173.922986148,3.26979166666664,1.0,100.0,0.0,,,,,,,,3.5714449201311385,4.450645991734096,5.554263251168387,10.18822125026158,9.838177192778815,3.7354972851166166,13.655845097133092,14.443328857421875,15.39656502859933,2.857142857142857,2.857142857142857,2.857142857142857,8.571428571428571,8.154761904761903,3.8681317597333207,11.428571428571429,14.285714285714285,14.285714285714285,3.5714449201311385,4.450645991734096,5.554263251168387,10.18822125026158,9.838177192778815,3.7354972851166166,13.655845097133092,14.443328857421875,15.39656502859933,1.450000000000001,1.7730000000000015,2.1774999999999975,3.324999999999973,3.26979166666664,1.1096217253027447,3.8599999999999617,4.075999999999958,6.679999999999902,26.731370434165,36.303517517447474,50.35526189394295,98.04322542250156,92.32020464423356,36.67964338191324,124.81123173981905,135.4370749525726,146.2191615253687,3571443.4701301386,4450644.224733097,5554257.968667387,10188217.935260579,9838173.922986148,3735496.461575053,13655841.259632092,14443324.820420876,15396561.03859833,3571443470130.1387,4450644224733.097,5554257968667.387,10188217935260.58,9838173922986.148,3735496461575.053,13655841259632.092,14443324820420.875,15396561038598.33,145.0,177.3,217.75,332.5,326.9791666666667,110.96217253027669,386.0,407.6,668.0,1.0,1.0,1.0,1.0,1.0,0.0,1.0,1.0,1.0,100.0,100.0,100.0,100.0,100.0,0.0,100.0,100.0,100.0,0.0,0.0,0.0,0.0,0.0,0.0,0.0,0.0,0.0
49,15396561038598.33,15.39656502859933,14.285714285714285,15.39656502859933,3.989999999999959,0,1,133.68688517063856,399,15396561.03859833,"[0.0, 15.39656502859933, -3.989999999999959, -1.0]",0.1,0.25,immediate,1,0,1.0,1.0,0,48,48,0,0,48,0,48,0,48,0,155.08999999999875,6788.749999999956,15509,678875,5.809785700053908,223.05385629995726,10.578752358754477,9.047619047619047,10.578752358754477,10578749.12771181,3.231041666666641,1.0,100.0,0.0,,,,,,,,3.706305367606027,4.0679119655064175,5.185395649501256,13.347421373639788,10.578752358754477,4.372347144115253,14.19560159955706,14.590569087437222,15.39656502859933,2.857142857142857,2.857142857142857,2.857142857142857,11.428571428571429,9.047619047619047,4.492371967646002,11.428571428571429,14.285714285714285,14.285714285714285,3.706305367606027,4.0679119655064175,5.185395649501256,13.347421373639788,10.578752358754477,4.372347144115253,14.19560159955706,14.590569087437222,15.39656502859933,1.500000000000001,1.6300000000000012,2.0275000000000007,3.8799999999999613,3.231041666666641,1.009994306055163,4.004999999999959,4.1329999999999565,4.399999999999951,28.15196843445301,31.988665814697743,44.98137921653688,127.74356727674603,99.08472629372652,43.763241209321656,133.6868651881814,138.35969783812763,143.63703099638224,3706303.867605027,4067910.335505417,5185393.622000256,13347417.488638788,10578749.12771181,4372346.150694047,14195597.66955606,14590565.18243622,15396561.03859833,3706303867605.027,4067910335505.4175,5185393622000.256,13347417488638.79,10578749127711.81,4372346150694.047,14195597669556.06,14590565182436.22,15396561038598.33,150.0,163.0,202.75,388.0,323.1041666666667,100.99943060551821,400.5,413.3,440.0,1.0,1.0,1.0,1.0,1.0,0.0,1.0,1.0,1.0,100.0,100.0,100.0,100.0,100.0,0.0,100.0,100.0,100.0,0.0,0.0,0.0,0.0,0.0,0.0,0.0,0.0,0.0
50,15396561038598.33,15.39656502859933,14.285714285714285,15.39656502859933,3.989999999999959,0,1,133.68688517063856,399,15396561.03859833,"[0.0, 15.39656502859933, -3.989999999999959, -1.0]",0.1,0.25,immediate,1,0,1.0,1.0,0,48,48,0,0,48,0,48,0,48,0,148.11999999999892,6936.869999999955,14812,693687,5.052035600005183,228.19120100000873,9.817899635859897,8.214285714285714,9.817899635859897,9817896.550025566,3.085833333333311,1.0,100.0,0.0,,,,,,,,3.898555210658482,4.523294176374163,5.296854291643415,10.33270972115653,9.817899635859897,3.866851445843433,13.664985384259907,14.685856955392019,15.39656502859933,2.857142857142857,2.857142857142857,2.857142857142857,8.571428571428571,8.214285714285714,4.108436649223189,11.428571428571429,14.285714285714285,14.285714285714285,3.898555210658482,4.523294176374163,5.296854291643415,10.33270972115653,9.817899635859897,3.866851445843433,13.664985384259907,14.685856955392019,15.39656502859933,1.5700000000000012,1.8170000000000015,2.0675,3.369999999999972,3.085833333333311,0.8547485822678269,3.92999999999996,4.028999999999959,4.079999999999957,30.192240193486214,37.06827045753598,46.3815227560699,100.862843580544,91.33666050837685,37.698472175156994,130.4316488262266,135.5553375095129,138.62772285938263,3898553.640657482,4523292.3593731625,5296852.2241424145,10332706.356155528,9817896.550025566,3866850.6048206068,13664981.461758906,14685852.98239102,15396561.03859833,3898553640657.4824,4523292359373.163,5296852224142.415,10332706356155.527,9817896550025.564,3866850604820.607,13664981461758.906,14685852982391.02,15396561038598.33,157.0,181.7,206.75,337.0,308.5833333333333,85.47485822678438,393.0,402.90000000000003,408.0,1.0,1.0,1.0,1.0,1.0,0.0,1.0,1.0,1.0,100.0,100.0,100.0,100.0,100.0,0.0,100.0,100.0,100.0,0.0,0.0,0.0,0.0,0.0,0.0,0.0,0.0,0.0
51,15396561038598.33,15.39656502859933,14.285714285714285,15.39656502859933,3.989999999999959,0,1,133.68688517063856,399,15396561.03859833,"[0.0, 15.39656502859933, -3.989999999999959, -1.0]",0.1,0.25,immediate,1,0,1.0,1.0,0,48,48,0,0,48,0,48,0,48,0,161.6499999999986,7098.519999999954,16165,709852,5.2663188999868,233.52801629999885,11.110616752079556,9.523809523809524,11.110616752079556,11110613.38437022,3.3677083333333044,1.0,100.0,0.0,,,,,,,,3.5721206665039062,5.002786908830915,8.553330557686943,13.336574009486608,11.110616752079556,3.910278059340299,14.10809108189174,14.574620928083148,15.39656502859933,2.857142857142857,2.857142857142857,7.857142857142857,11.428571428571429,9.523809523809524,3.883215816738116,11.428571428571429,14.285714285714285,14.285714285714285,3.5721206665039062,5.002786908830915,8.553330557686943,13.336574009486608,11.110616752079556,3.910278059340299,14.10809108189174,14.574620928083148,15.39656502859933,1.450000000000001,1.9600000000000006,2.9299999999999815,3.894999999999961,3.3677083333333044,0.9104011011255004,3.994999999999959,4.055999999999958,5.279999999999932,26.731732450425625,42.747045028954744,81.61280250921845,128.54807710275054,103.92738784865166,38.66750239948842,133.7676774226129,136.97283765301108,140.84563046693802,3572119.2165029063,5002784.948829914,8553327.567685941,13336570.099485606,11110613.38437022,3910277.1812212355,14108087.05939074,14574616.873082146,15396561.03859833,3572119216502.9062,5002784948829.915,8553327567685.942,13336570099485.605,11110613384370.22,3910277181221.2354,14108087059390.74,14574616873082.146,15396561038598.33,145.0,196.0,293.0,389.5,336.7708333333333,91.0401101125518,399.5,405.6,528.0,1.0,1.0,1.0,1.0,1.0,0.0,1.0,1.0,1.0,100.0,100.0,100.0,100.0,100.0,0.0,100.0,100.0,100.0,0.0,0.0,0.0,0.0,0.0,0.0,0.0,0.0,0.0
52,15396561038598.33,15.39656502859933,14.285714285714285,15.39656502859933,3.989999999999959,0,1,133.68688517063856,399,15396561.03859833,"[0.0, 15.39656502859933, -3.989999999999959, -1.0]",0.1,0.25,immediate,1,0,1.0,1.0,0,48,48,0,0,48,0,48,0,48,0,152.23999999999882,7250.759999999953,15224,725076,4.9407177999964915,238.5378847999964,9.865050826753889,8.154761904761905,9.865050826753889,9865047.655086221,3.171666666666642,1.0,100.0,0.0,,,,,,,,3.572137015206473,4.678321838378906,5.50560678754534,10.159875324794225,9.865050826753889,4.162723912466836,14.01273454938616,14.691886356898717,15.39656502859933,2.857142857142857,2.857142857142857,2.857142857142857,8.571428571428571,8.154761904761905,4.285300905989598,11.428571428571429,14.285714285714285,14.285714285714285,3.572137015206473,4.678321838378906,5.50560678754534,10.159875324794225,9.865050826753889,4.162723912466836,14.01273454938616,14.691886356898717,15.39656502859933,1.450000000000001,1.8540000000000014,2.157499999999998,3.334999999999973,3.171666666666642,0.9818145049968373,3.982499999999959,4.125999999999957,4.859999999999941,26.7316452562809,38.854831176251174,49.27916635014117,99.16055576130748,92.38256270026007,40.82809492956504,132.73457414470613,138.63597009032964,141.95978655666113,3572135.565205473,4678319.984377907,5505604.600044341,10159871.999793224,9865047.655086221,4162723.0357857854,14012730.489385162,14691882.279897716,15396561.03859833,3572135565205.473,4678319984377.907,5505604600044.341,10159871999793.223,9865047655086.223,4162723035785.785,14012730489385.16,14691882279897.717,15396561038598.33,145.0,185.4,215.75,333.5,317.1666666666667,98.18145049968564,398.25,412.6,486.0,1.0,1.0,1.0,1.0,1.0,0.0,1.0,1.0,1.0,100.0,100.0,100.0,100.0,100.0,0.0,100.0,100.0,100.0,0.0,0.0,0.0,0.0,0.0,0.0,0.0,0.0,0.0
53,15396561038598.33,15.39656502859933,14.285714285714285,15.39656502859933,3.989999999999959,0,1,133.68688517063856,399,15396561.03859833,"[0.0, 15.39656502859933, -3.989999999999959, -1.0]",0.1,0.25,immediate,1,0,1.0,1.0,0,48,48,0,0,48,0,48,0,48,0,163.83999999999858,7414.599999999951,16384,741460,5.082821700023487,243.68856039998354,10.97374325706845,9.345238095238095,10.97374325706845,10973739.843734121,3.413333333333304,1.0,100.0,0.0,,,,,,,,3.842991420200893,4.571422576904297,9.324861935206822,10.92026846749442,10.97374325706845,3.631178288437821,13.905342647007533,14.731889997209823,15.39656502859933,2.857142857142857,2.857142857142857,8.571428571428571,10.0,9.345238095238095,3.4865915822874927,11.428571428571429,14.285714285714285,14.285714285714285,3.842991420200893,4.571422576904297,9.324861935206822,10.92026846749442,10.97374325706845,3.631178288437821,13.905342647007533,14.731889997209823,15.39656502859933,1.5500000000000012,1.9460000000000013,3.2174999999999754,3.6349999999999665,3.413333333333304,0.8128097700090698,3.989999999999959,4.049999999999958,5.259999999999932,29.60306492447853,42.19922843426466,93.8886409252882,105.78891786932945,103.27690271125903,34.674345798674665,131.57428092509508,135.82012152001263,143.63751474022865,3842989.8701998927,4571419.724903298,9324858.710205823,10920265.04749342,10973739.843734121,3631177.63604006,13905338.569506533,14731886.035208823,15396561.03859833,3842989870199.8926,4571419724903.297,9324858710205.822,10920265047493.42,10973739843734.12,3631177636040.06,13905338569506.533,14731886035208.822,15396561038598.33,155.0,194.6,321.75,363.5,341.3333333333333,81.28097700090854,399.0,405.0,526.0,1.0,1.0,1.0,1.0,1.0,0.0,1.0,1.0,1.0,100.0,100.0,100.0,100.0,100.0,0.0,100.0,100.0,100.0,0.0,0.0,0.0,0.0,0.0,0.0,0.0,0.0,0.0
54,15396561038598.33,15.39656502859933,14.285714285714285,15.39656502859933,3.989999999999959,0,1,133.68688517063856,399,15396561.03859833,"[0.0, 15.39656502859933, -3.989999999999959, -1.0]",0.1,0.25,immediate,1,0,1.0,1.0,0,48,48,0,0,48,0,48,0,48,0,155.14999999999873,7569.74999999995,15515,756975,5.657856300007552,249.43454220000422,10.233135450453986,8.75,10.233135450453986,10233132.218161318,3.23229166666664,1.0,100.0,0.0,,,,,,,,3.7357057843889505,4.252887180873326,5.538543973650251,10.764376776559011,10.233135450453986,4.1052142495202215,14.103400366646902,14.782655988420759,15.39656502859933,2.857142857142857,2.857142857142857,2.857142857142857,8.571428571428571,8.75,4.262087652367391,11.428571428571429,14.285714285714285,14.285714285714285,3.7357057843889505,4.252887180873326,5.538543973650251,10.764376776559011,10.233135450453986,4.1052142495202215,14.103400366646902,14.782655988420759,15.39656502859933,1.5100000000000011,1.7310000000000014,2.2299999999999964,3.414999999999971,3.23229166666664,0.9264543512394566,3.982499999999959,4.052999999999958,4.729999999999944,28.439881205558777,35.111830327659845,51.65488151823229,100.04909897595644,95.36458845648424,39.48118922040335,133.14237536489964,136.20369133725762,139.7354739382863,3735704.2743879505,4252885.4858723255,5538541.823649251,10764373.481558012,10233132.218161318,4105213.4398801704,14103396.354145901,14782652.04041976,15396561.03859833,3735704274387.9507,4252885485872.326,5538541823649.251,10764373481558.012,10233132218161.318,4105213439880.1704,14103396354145.902,14782652040419.76,15396561038598.33,151.0,173.1,223.0,341.5,323.2291666666667,92.64543512394745,398.25,405.3,473.0,1.0,1.0,1.0,1.0,1.0,0.0,1.0,1.0,1.0,100.0,100.0,100.0,100.0,100.0,0.0,100.0,100.0,100.0,0.0,0.0,0.0,0.0,0.0,0.0,0.0,0.0,0.0
55,15477274603171.434,15.477278573172434,14.285714285714285,15.477278573172434,3.9699999999999593,0,1,132.5982078164816,397,15477274.603171434,"[0.0, 15.477278573172434, -3.9699999999999593, -1.0]",0.1,0.25,immediate,1,0,1.0,1.0,0,48,48,0,0,48,0,48,0,48,0,149.58999999999887,7719.339999999949,14959,771934,5.144991500012111,254.6656151000061,10.149642512911843,8.75,10.149642512911843,10149639.396452509,3.1164583333333096,1.0,100.0,0.0,,,,,,,,3.7175042288643976,4.385988507952009,5.825048174176898,10.199768883841378,10.149642512911843,3.9861926664484835,14.137178148542132,14.681908743722099,15.477278573172434,2.857142857142857,2.857142857142857,5.714285714285714,8.571428571428571,8.75,4.057673087417681,11.428571428571429,14.285714285714285,14.285714285714285,3.7175042288643976,4.385988507952009,5.825048174176898,10.199768883841378,10.149642512911843,3.9861926664484835,14.137178148542132,14.681908743722099,15.477278573172434,1.500000000000001,1.7410000000000014,2.257499999999996,3.279999999999974,3.1164583333333096,0.875703264009672,3.9699999999999593,4.062999999999958,4.119999999999957,28.151664204895496,35.427451718598604,53.31911530904472,97.23085525631905,93.21289916988462,38.29793093222769,132.59833749756217,135.60243025571108,140.8459552526474,3717502.7288633976,4385986.76695101,5825045.916675897,10199765.653840378,10149639.396452509,3986191.804027989,14137174.161041133,14681904.707721097,15477274.603171434,3717502728863.3975,4385986766951.0093,5825045916675.897,10199765653840.379,10149639396452.51,3986191804027.989,14137174161041.133,14681904707721.098,15477274603171.434,150.0,174.1,225.75,328.0,311.6458333333333,87.57032640096885,397.0,406.3,412.0,1.0,1.0,1.0,1.0,1.0,0.0,1.0,1.0,1.0,100.0,100.0,100.0,100.0,100.0,0.0,100.0,100.0,100.0,0.0,0.0,0.0,0.0,0.0,0.0,0.0,0.0,0.0
56,15477274603171.434,15.477278573172434,14.285714285714285,15.477278573172434,3.9699999999999593,0,1,132.5982078164816,397,15477274.603171434,"[0.0, 15.477278573172434, -3.9699999999999593, -1.0]",0.1,0.25,immediate,1,0,1.0,1.0,0,48,48,0,0,48,0,48,0,48,0,146.35999999999893,7865.699999999948,14636,786570,5.079486500006169,259.8265825000126,9.715799547377086,8.035714285714285,9.715799547377086,9715796.498209419,3.0491666666666446,1.0,100.0,0.0,,,,,,,,3.678828648158482,4.710968562534878,5.306564058576312,10.106374195643834,9.715799547377086,4.061763951830817,14.003923961094447,14.547105516706194,15.477278573172434,2.857142857142857,2.857142857142857,2.857142857142857,8.571428571428571,8.035714285714285,4.232054951869866,11.428571428571429,14.285714285714285,14.285714285714285,3.678828648158482,4.710968562534878,5.306564058576312,10.106374195643834,9.715799547377086,4.061763951830817,14.003923961094447,14.547105516706194,15.477278573172434,1.490000000000001,1.8570000000000015,2.07,3.239999999999975,3.0491666666666446,0.9209230725503201,3.9174999999999605,4.0219999999999585,4.769999999999943,27.865289635956287,39.23091162368655,46.469397675246,95.31508583575487,89.00995847753559,38.87900665946372,127.34327016584575,134.01446843370795,143.0773540660739,3678827.1581574823,4710966.705533877,5306561.988575311,10106371.015642833,9715796.498209419,4061763.049276436,14003920.048593447,14547101.576705195,15477274.603171434,3678827158157.4824,4710966705533.877,5306561988575.311,10106371015642.834,9715796498209.42,4061763049276.436,14003920048593.447,14547101576705.193,15477274603171.434,149.0,185.70000000000002,207.0,324.0,304.9166666666667,92.09230725503382,391.75,402.20000000000005,477.0,1.0,1.0,1.0,1.0,1.0,0.0,1.0,1.0,1.0,100.0,100.0,100.0,100.0,100.0,0.0,100.0,100.0,100.0,0.0,0.0,0.0,0.0,0.0,0.0,0.0,0.0,0.0
57,15477274603171.434,15.477278573172434,14.285714285714285,15.477278573172434,3.9699999999999593,0,1,132.5982078164816,397,15477274.603171434,"[0.0, 15.477278573172434, -3.9699999999999593, -1.0]",0.1,0.25,immediate,1,0,1.0,1.0,0,48,48,0,0,48,0,48,0,48,0,157.57999999999873,8023.279999999947,15758,802328,5.263477400003467,265.16805789998034,10.367838371367682,8.63095238095238,10.367838371367682,10367835.088450015,3.2829166666666403,1.0,100.0,0.0,,,,,,,,3.6776133946010043,4.9112396240234375,5.718709400721959,10.250191007341657,10.367838371367682,3.775026014669586,13.816051483154297,14.717588697160995,15.477278573172434,2.857142857142857,2.857142857142857,5.0,8.571428571428571,8.63095238095238,3.890052870832025,11.428571428571429,14.285714285714285,14.285714285714285,3.6776133946010043,4.9112396240234375,5.718709400721959,10.250191007341657,10.367838371367682,3.775026014669586,13.816051483154297,14.717588697160995,15.477278573172434,1.490000000000001,1.9300000000000015,2.209999999999997,3.3149999999999733,3.2829166666666403,1.0120049372683488,3.9724999999999593,4.145999999999956,6.969999999999896,27.86546405404806,41.628738545626405,51.546918926760554,98.91898486763239,97.04096158888812,37.48161505842191,131.78470654040575,139.0403007298708,145.95831417292356,3677611.904600004,4911237.694022438,5718707.190720959,10250187.672340658,10367835.088450015,3775025.0888645635,13816047.590653297,14717584.543159993,15477274.603171434,3677611904600.0044,4911237694022.4375,5718707190720.959,10250187672340.656,10367835088450.016,3775025088864.563,13816047590653.297,14717584543159.994,15477274603171.434,149.0,193.0,221.0,331.5,328.2916666666667,101.2004937268369,397.25,414.6,697.0,1.0,1.0,1.0,1.0,1.0,0.0,1.0,1.0,1.0,100.0,100.0,100.0,100.0,100.0,0.0,100.0,100.0,100.0,0.0,0.0,0.0,0.0,0.0,0.0,0.0,0.0,0.0
58,15477274603171.434,15.477278573172434,14.285714285714285,15.477278573172434,3.9699999999999593,0,1,132.5982078164816,397,15477274.603171434,"[0.0, 15.477278573172434, -3.9699999999999593, -1.0]",0.1,0.25,immediate,1,0,1.0,1.0,0,48,48,0,0,48,0,48,0,48,0,166.41999999999854,8189.699999999945,16642,818970,5.331069000007119,270.5743655000115,10.554890632629396,8.928571428571429,10.554890632629396,10554887.165545061,3.467083333333303,1.0,100.0,0.0,,,,,,,,3.125103541782924,4.906517028808594,5.907149996076312,10.849851880754743,10.554890632629396,4.0162347014846,14.073734283447266,14.670540945870536,15.477278573172434,2.857142857142857,2.857142857142857,5.714285714285714,8.571428571428571,8.928571428571429,3.9823163532566026,11.428571428571429,14.285714285714285,14.285714285714285,3.125103541782924,4.906517028808594,5.907149996076312,10.849851880754743,10.554890632629396,4.0162347014846,14.073734283447266,14.670540945870536,15.477278573172434,1.490000000000001,2.0500000000000003,3.2074999999999756,3.9049999999999607,3.467083333333303,0.9202082154176784,4.044999999999958,4.284999999999953,5.159999999999934,27.865200027823448,44.8017151404405,54.54487745836377,105.30078765004873,100.2210245760022,38.6345408956229,134.1486087553203,137.5990004107356,142.51809991896152,3125099.6517819236,4906514.101807594,5907147.706075312,10849847.770753743,10554887.165545061,4016233.998415571,14073730.253446266,14670536.222869536,15477274.603171434,3125099651781.924,4906514101807.595,5907147706075.312,10849847770753.742,10554887165545.06,4016233998415.571,14073730253446.266,14670536222869.537,15477274603171.434,149.0,205.0,320.75,390.5,346.7083333333333,92.02082154176966,404.5,428.5,516.0,1.0,1.0,1.0,1.0,1.0,0.0,1.0,1.0,1.0,100.0,100.0,100.0,100.0,100.0,0.0,100.0,100.0,100.0,0.0,0.0,0.0,0.0,0.0,0.0,0.0,0.0,0.0
59,15496549623497.885,15.496553693498885,14.285714285714285,15.496553693498885,4.069999999999958,0,1,138.07527008652687,407,15496549.623497885,"[0.0, 15.496553693498885, -4.069999999999958, -1.0]",0.1,0.25,immediate,1,0,1.0,1.0,0,48,48,0,0,48,0,48,0,48,0,164.4599999999986,8354.159999999943,16446,835416,5.184727599960752,275.83860069996445,10.934063593546549,9.404761904761905,10.934063593546549,10934060.16729555,3.4262499999999707,1.0,100.0,0.0,,,,,,,,4.0960202898297995,4.92364501953125,8.843863351004465,10.673509325299944,10.934063593546549,3.8983178864443286,14.40382548740932,15.014430454799108,15.496553693498885,2.857142857142857,2.857142857142857,7.857142857142857,8.571428571428571,9.404761904761905,4.12221183170971,14.285714285714285,14.285714285714285,14.285714285714285,4.0960202898297995,4.92364501953125,8.843863351004465,10.673509325299944,10.934063593546549,3.8983178864443286,14.40382548740932,15.014430454799108,15.496553693498885,1.6400000000000012,1.9350000000000016,3.237499999999975,3.794999999999963,3.4262499999999707,0.9008644575258261,4.012499999999958,4.3259999999999525,4.819999999999942,32.29224420338869,41.6653286062181,82.25751825142652,106.58465272188187,101.401714767407,37.203448498937966,133.19924516044557,138.5514780730009,143.63722617924213,4096018.6498287995,4923643.08453025,8843860.358503465,10673505.930298943,10934060.16729555,3898317.047945734,14403821.38990832,15014425.793798108,15496549.623497885,4096018649828.7993,4923643084530.25,8843860358503.465,10673505930298.945,10934060167295.549,3898317047945.7344,14403821389908.32,15014425793798.107,15496549623497.885,164.0,193.5,323.75,379.5,342.625,90.08644575258441,401.25,432.6,482.0,1.0,1.0,1.0,1.0,1.0,0.0,1.0,1.0,1.0,100.0,100.0,100.0,100.0,100.0,0.0,100.0,100.0,100.0,0.0,0.0,0.0,0.0,0.0,0.0,0.0,0.0,0.0
60,15531928245852.795,15.531932285853795,14.285714285714285,15.531932285853795,4.039999999999958,0,1,136.42287784069777,404,15531928.245852794,"[0.0, 15.531932285853795, -4.039999999999958, -1.0]",0.1,0.25,immediate,1,0,1.0,1.0,0,48,48,0,0,48,0,48,0,48,0,153.49999999999878,8507.659999999942,15350,850766,5.235597699997015,281.1504373999778,9.909809600739253,8.39285714285714,9.909809600739253,9909806.402821586,3.197916666666641,1.0,100.0,0.0,,,,,,,,3.576572963169643,4.3867100306919635,5.394968305315291,10.121626172746932,9.909809600739253,4.289015183274276,14.276109422956196,15.034177507672991,15.531932285853795,2.857142857142857,2.857142857142857,2.857142857142857,8.571428571428571,8.39285714285714,4.532807467499029,12.142857142857142,14.285714285714285,14.285714285714285,3.576572963169643,4.3867100306919635,5.394968305315291,10.121626172746932,9.909809600739253,4.289015183274276,14.276109422956196,15.034177507672991,15.531932285853795,1.450000000000001,1.8010000000000015,2.099999999999999,3.3049999999999735,3.197916666666641,1.1258588542629009,4.002499999999959,4.3259999999999525,6.409999999999908,26.731290794909,35.5446800544858,47.53855671733618,97.63399958983064,90.4535792873935,40.51022551522653,130.69051032327116,135.8740465246141,139.91033396869898,3576571.5131686428,4386708.159690964,5394966.205314291,10121621.32274593,9909806.402821586,4289014.201671245,14276105.407955196,15034173.529671991,15531928.245852794,3576571513168.6426,4386708159690.964,5394966205314.291,10121621322745.932,9909806402821.586,4289014201671.2446,14276105407955.195,15034173529671.992,15531928245852.795,145.0,180.1,210.0,330.5,319.7916666666667,112.58588542629234,400.25,432.6,641.0,1.0,1.0,1.0,1.0,1.0,0.0,1.0,1.0,1.0,100.0,100.0,100.0,100.0,100.0,0.0,100.0,100.0,100.0,0.0,0.0,0.0,0.0,0.0,0.0,0.0,0.0,0.0
61,15878441826327.125,15.878448486328125,14.285714285714285,15.878448486328125,6.659999999999902,0,1,147.7056150380522,666,15878441.826327125,"[0.0, 15.878448486328125, -6.659999999999902, -1.0]",0.1,0.25,immediate,1,0,1.0,1.0,0,48,48,0,0,48,0,48,0,48,0,169.29999999999848,8676.959999999941,16930,867696,6.194058000051882,287.42043920001015,11.221401180539813,9.583333333333334,11.221401180539813,11221397.65345548,3.5270833333333016,1.0,100.0,0.0,,,,,,,,1.883272443498884,4.676516396658761,9.322856494358607,13.502118246895925,11.221401180539813,4.047914743464303,14.512434005737305,14.90615463256836,15.878448486328125,0.0,2.857142857142857,7.857142857142857,11.428571428571429,9.583333333333334,4.305098359165115,14.285714285714285,14.285714285714285,14.285714285714285,1.883272443498884,4.676516396658761,9.322856494358607,13.502118246895925,11.221401180539813,4.047914743464303,14.512434005737305,14.90615463256836,15.878448486328125,1.5400000000000011,2.0130000000000003,3.189999999999976,3.884999999999961,3.5270833333333016,1.119830638856685,3.979999999999959,4.108999999999957,7.539999999999884,29.310114987194538,43.38103546351194,84.11782579465216,126.40798878669739,103.79500753325131,37.32861100771244,133.14215001277626,137.9560996197164,147.7056150380522,1883264.9034978838,4676514.537657762,9322853.446857609,13502114.306894928,11221397.65345548,4047914.111009951,14512430.025736304,14906150.57056736,15878441.826327125,1883264903497.8838,4676514537657.762,9322853446857.61,13502114306894.926,11221397653455.479,4047914111009.951,14512430025736.305,14906150570567.36,15878441826327.125,154.0,201.3,319.0,388.5,352.7083333333333,111.98306388567077,398.0,410.90000000000003,754.0,1.0,1.0,1.0,1.0,1.0,0.0,1.0,1.0,1.0,100.0,100.0,100.0,100.0,100.0,0.0,100.0,100.0,100.0,0.0,0.0,0.0,0.0,0.0,0.0,0.0,0.0,0.0
62,15878441826327.125,15.878448486328125,14.285714285714285,15.878448486328125,6.659999999999902,0,1,147.7056150380522,666,15878441.826327125,"[0.0, 15.878448486328125, -6.659999999999902, -1.0]",0.1,0.25,immediate,1,0,1.0,1.0,0,48,48,0,0,48,0,48,0,48,0,166.6599999999985,8843.619999999939,16666,884362,6.594594100024551,294.10558139998466,10.03273816335769,8.511904761904761,10.03273816335769,10032734.691273356,3.472083333333302,1.0,100.0,0.0,,,,,,,,3.2366725376674106,3.927370343889509,5.433296476091657,10.516542707170757,10.03273816335769,4.191617742203155,14.21804700578962,14.762626102992467,15.878448486328125,2.857142857142857,2.857142857142857,2.857142857142857,8.571428571428571,8.511904761904761,4.225352029505071,11.428571428571429,14.285714285714285,14.285714285714285,3.2366725376674106,3.927370343889509,5.433296476091657,10.516542707170757,10.03273816335769,4.191617742203155,14.21804700578962,14.762626102992467,15.878448486328125,1.480000000000001,1.6280000000000012,2.9299999999999815,3.3649999999999722,3.472083333333302,1.337274838264552,4.017499999999959,4.3019999999999525,8.389999999999866,27.57996178418398,31.930196955055,51.87220673369302,99.16154300048947,93.08665309662865,38.917768272205414,132.07798212207854,137.52373905405403,147.7056150380522,3236668.2076664106,3927367.9258885095,5433294.358590657,10516539.387169758,10032734.691273356,4191617.146183839,14218043.03078862,14762622.154991467,15878441.826327125,3236668207666.4106,3927367925888.5093,5433294358590.657,10516539387169.758,10032734691273.357,4191617146183.839,14218043030788.62,14762622154991.467,15878441826327.125,148.0,162.8,293.0,336.5,347.2083333333333,133.7274838264579,401.75,430.20000000000005,839.0,1.0,1.0,1.0,1.0,1.0,0.0,1.0,1.0,1.0,100.0,100.0,100.0,100.0,100.0,0.0,100.0,100.0,100.0,0.0,0.0,0.0,0.0,0.0,0.0,0.0,0.0,0.0
63,15913225885822.102,15.913233075823102,14.285714285714285,15.913233075823102,7.189999999999891,0,1,156.7692748233676,719,15913225.885822102,"[0.0, 15.913233075823102, -7.189999999999891, -1.0]",0.1,0.25,immediate,1,0,1.0,1.0,0,48,48,0,0,48,0,48,0,48,0,168.24999999999852,9011.869999999937,16825,901187,6.144319000013638,300.3408420999767,11.235592024666923,9.642857142857142,11.235592024666923,11235588.519457588,3.5052083333333024,1.0,100.0,0.0,,,,,,,,3.9829744611467635,5.360711233956473,8.502674783979144,13.331930977957589,11.235592024666923,3.78386811759724,14.219237736293248,14.849577222551618,15.913233075823102,2.857142857142857,2.857142857142857,7.857142857142857,11.428571428571429,9.642857142857142,3.8076632361236844,11.428571428571429,14.285714285714285,14.285714285714285,3.9829744611467635,5.360711233956473,8.502674783979144,13.331930977957589,11.235592024666923,3.78386811759724,14.219237736293248,14.849577222551618,15.913233075823102,1.6000000000000012,2.0889999999999995,2.962499999999981,3.799999999999963,3.5052083333333024,1.0792802184467698,3.9699999999999593,4.175999999999956,7.189999999999891,31.08518736064434,47.15099432691932,83.24815521761775,123.48655693233013,104.28585777016512,36.578597862747905,132.59817190095782,137.6965214408934,156.7692748233676,3982972.8611457637,5360709.144955473,8502671.791478144,13331926.707956588,11235588.519457588,3783867.183015689,14219233.616292248,14849573.306550618,15913225.885822102,3982972861145.7637,5360709144955.473,8502671791478.144,13331926707956.588,11235588519457.59,3783867183015.6885,14219233616292.248,14849573306550.62,15913225885822.102,160.0,208.9,296.25,380.0,350.5208333333333,107.92802184467922,397.0,417.6,719.0,1.0,1.0,1.0,1.0,1.0,0.0,1.0,1.0,1.0,100.0,100.0,100.0,100.0,100.0,0.0,100.0,100.0,100.0,0.0,0.0,0.0,0.0,0.0,0.0,0.0,0.0,0.0
64,19472933422293.92,19.472942352294922,17.142857142857142,19.472942352294922,8.929999999999854,0,1,194.92622357183427,893,19472933.42229392,"[0.0, 19.472942352294922, -8.929999999999854, -1.0]",0.1,0.25,immediate,1,0,1.0,1.0,0,48,48,0,0,48,0,48,0,48,0,181.04999999999825,9192.919999999935,18105,919292,6.391846699989401,306.8119413999957,11.135050171897525,9.523809523809524,11.135050171897525,11135046.400021523,3.7718749999999637,1.0,100.0,0.0,,,,,,,,4.666775294712611,5.634028843470983,5.9612805502755295,12.279720306396484,11.135050171897525,3.9883485816378466,14.220690046037946,14.943569728306361,19.472942352294922,2.857142857142857,2.857142857142857,5.714285714285714,10.0,9.523809523809524,3.9267672624930094,11.428571428571429,14.285714285714285,17.142857142857142,4.666775294712611,5.634028843470983,5.9612805502755295,12.279720306396484,11.135050171897525,3.9883485816378466,14.220690046037946,14.943569728306361,19.472942352294922,1.8400000000000014,2.186999999999997,3.037499999999979,3.8649999999999616,3.7718749999999637,1.417029840090973,4.012499999999958,5.41799999999993,8.929999999999854,38.5456463471055,50.42995619028807,62.479487516939116,116.57054762542248,103.94363679464489,37.95330312153416,132.8706624880433,137.85516918599606,194.92622357183427,4666773.454711611,5634026.658469982,5961277.41777453,12279716.641395483,11135046.400021523,3988347.668591767,14220686.128536947,14943565.704305362,19472933.42229392,4666773454711.611,5634026658469.982,5961277417774.529,12279716641395.484,11135046400021.523,3988347668591.7676,14220686128536.945,14943565704305.361,19472933422293.92,184.0,218.7,303.75,386.5,377.1875,141.70298400910028,401.25,541.8000000000001,893.0,1.0,1.0,1.0,1.0,1.0,0.0,1.0,1.0,1.0,100.0,100.0,100.0,100.0,100.0,0.0,100.0,100.0,100.0,0.0,0.0,0.0,0.0,0.0,0.0,0.0,0.0,0.0
65,19472933422293.92,19.472942352294922,17.142857142857142,19.472942352294922,8.929999999999854,0,1,194.92622357183427,893,19472933.42229392,"[0.0, 19.472942352294922, -8.929999999999854, -1.0]",0.1,0.25,immediate,1,0,1.0,1.0,0,48,48,0,0,48,0,48,0,48,0,178.9299999999983,9371.849999999933,17893,937185,6.344921400013845,313.2292935999576,11.885692619142079,10.238095238095239,11.885692619142079,11885688.891432745,3.727708333333298,1.0,100.0,0.0,,,,,,,,3.9946365356445317,5.388458796909878,10.160281317574636,13.709746769496373,11.885692619142079,3.4795980579954624,14.410621098109655,14.658146994454519,19.472942352294922,2.857142857142857,2.857142857142857,8.571428571428571,11.428571428571429,10.238095238095239,3.6808630556524538,14.285714285714285,14.285714285714285,17.142857142857142,3.9946365356445317,5.388458796909878,10.160281317574636,13.709746769496373,11.885692619142079,3.4795980579954624,14.410621098109655,14.658146994454519,19.472942352294922,1.6600000000000013,2.141999999999998,3.244999999999975,3.8699999999999615,3.727708333333298,1.2281375458787829,4.037499999999959,4.43899999999995,8.929999999999854,31.058097757399082,47.15613991841674,95.5533340536058,125.6080486215651,110.82345845246557,35.06754124039302,133.83535668998957,140.28982794508337,194.92622357183427,3994634.7356435317,5388456.678908878,10160277.962573638,13709742.904495373,11885688.891432745,3479597.03452023,14410615.998108655,14658143.046453519,19472933.42229392,3994634735643.5317,5388456678908.878,10160277962573.637,13709742904495.371,11885688891432.744,3479597034520.2295,14410615998108.654,14658143046453.52,19472933422293.92,166.0,214.2,324.5,387.0,372.7708333333333,122.81375458788084,403.75,443.90000000000003,893.0,1.0,1.0,1.0,1.0,1.0,0.0,1.0,1.0,1.0,100.0,100.0,100.0,100.0,100.0,0.0,100.0,100.0,100.0,0.0,0.0,0.0,0.0,0.0,0.0,0.0,0.0,0.0
66,19472933422293.92,19.472942352294922,17.142857142857142,19.472942352294922,8.929999999999854,0,1,194.92622357183427,893,19472933.42229392,"[0.0, 19.472942352294922, -8.929999999999854, -1.0]",0.1,0.25,immediate,1,0,1.0,1.0,0,48,48,0,0,48,0,48,0,48,0,188.90999999999806,9560.759999999931,18891,956076,6.728377900028136,320.03274070000043,11.512564988363357,9.88095238095238,11.512564988363357,11512561.052737355,3.9356249999999595,1.0,100.0,0.0,,,,,,,,3.7569427490234375,5.2047222682407925,9.75102492741176,13.521755763462611,11.512564988363357,3.8719839663810856,14.285783767700195,14.842679159981863,19.472942352294922,2.857142857142857,2.857142857142857,8.571428571428571,11.428571428571429,9.88095238095238,3.8667575640265985,12.142857142857142,14.285714285714285,17.142857142857142,3.7569427490234375,5.2047222682407925,9.75102492741176,13.521755763462611,11.512564988363357,3.8719839663810856,14.285783767700195,14.842679159981863,19.472942352294922,1.7300000000000013,2.1359999999999983,3.234999999999975,3.9199999999999604,3.9356249999999595,1.5500899251467852,4.269999999999953,5.566999999999934,8.929999999999854,28.819267044047592,45.20269192010164,94.12619719654322,126.44940341636539,109.57344831169546,39.651838685616646,138.28225906829903,143.09824448227883,194.92622357183427,3756938.2890224373,5204720.233239792,9751021.712410761,13521751.233461611,11512561.052737355,3871982.7791431854,14285779.652699195,14842675.006980862,19472933.42229392,3756938289022.4375,5204720233239.793,9751021712410.762,13521751233461.613,11512561052737.357,3871982779143.1855,14285779652699.195,14842675006980.863,19472933422293.92,173.0,213.6,323.5,392.0,393.5625,155.00899251468178,427.0,556.7000000000007,893.0,1.0,1.0,1.0,1.0,1.0,0.0,1.0,1.0,1.0,100.0,100.0,100.0,100.0,100.0,0.0,100.0,100.0,100.0,0.0,0.0,0.0,0.0,0.0,0.0,0.0,0.0,0.0
67,19472933422293.92,19.472942352294922,17.142857142857142,19.472942352294922,8.929999999999854,0,1,194.92622357183427,893,19472933.42229392,"[0.0, 19.472942352294922, -8.929999999999854, -1.0]",0.1,0.25,immediate,1,0,1.0,1.0,0,48,48,0,0,48,0,48,0,48,0,185.0299999999981,9745.78999999993,18503,974579,6.450716599996667,326.55502629996045,11.596097094672066,10.178571428571429,11.596097094672066,11596093.2398794,3.854791666666627,1.0,100.0,0.0,,,,,,,,3.5974230085100443,3.9417457580566406,9.795678683689662,13.700498853410995,11.596097094672066,4.196129627075049,14.464864730834961,15.01840046473912,19.472942352294922,2.857142857142857,2.857142857142857,8.571428571428571,11.428571428571429,10.178571428571429,4.161135784903943,14.285714285714285,14.285714285714285,17.142857142857142,3.5974230085100443,3.9417457580566406,9.795678683689662,13.700498853410995,11.596097094672066,4.196129627075049,14.464864730834961,15.01840046473912,19.472942352294922,1.460000000000001,1.5850000000000013,3.2649999999999744,3.92999999999996,3.854791666666627,1.6012364878213503,4.1524999999999554,5.568999999999933,8.929999999999854,27.01356776058674,30.639925143867732,96.37756371684372,129.39544918760657,110.2828522763948,42.7124809588814,138.21950389631093,144.44850694321798,194.92622357183427,3597421.5485090446,3941744.1730556404,9795675.418688662,13700494.993409993,11596093.2398794,4196128.259594909,14464860.16833396,15018393.551738119,19472933.42229392,3597421548509.0444,3941744173055.6406,9795675418688.662,13700494993409.992,11596093239879.4,4196128259594.909,14464860168333.96,15018393551738.12,19472933422293.92,146.0,158.5,326.5,393.0,385.4791666666667,160.12364878213822,415.25,556.9000000000008,893.0,1.0,1.0,1.0,1.0,1.0,0.0,1.0,1.0,1.0,100.0,100.0,100.0,100.0,100.0,0.0,100.0,100.0,100.0,0.0,0.0,0.0,0.0,0.0,0.0,0.0,0.0,0.0
68,19918283939353.074,19.918291909354075,17.142857142857142,19.918291909354075,7.9699999999998745,0,1,195.4437993146712,797,19918283.939353075,"[0.0, 19.918291909354075, -7.9699999999998745, -1.0]",0.1,0.25,immediate,1,0,1.0,1.0,0,48,48,0,0,48,0,48,0,48,0,190.759999999998,9936.549999999928,19076,993655,7.100985800032504,333.7372875000001,10.96002187047686,9.226190476190476,10.96002187047686,10960017.896309191,3.974166666666625,1.0,100.0,0.0,,,,,,,,3.773602076939174,4.518040793282645,5.721590859549386,11.12865584237235,10.96002187047686,4.456860547823318,14.22346932547433,15.07813698904855,19.918291909354075,2.857142857142857,2.857142857142857,5.0,8.571428571428571,9.226190476190476,4.450773200935743,12.142857142857142,14.285714285714285,17.142857142857142,3.773602076939174,4.518040793282645,5.721590859549386,11.12865584237235,10.96002187047686,4.456860547823318,14.22346932547433,15.07813698904855,19.918291909354075,1.5500000000000012,1.8460000000000014,2.259999999999996,3.844999999999962,3.974166666666625,1.832560632618218,4.514999999999948,6.882999999999899,8.929999999999854,28.7559074377059,36.89457148462534,50.99124179966748,104.5482661537826,103.90190006046093,45.385549536227515,137.87723094038665,146.62575943282573,195.4437993146712,3773597.616938174,4518039.010281645,5721588.664548387,11128652.34737135,10960017.896309191,4456859.092601653,14223462.49297333,15078130.86004755,19918283.939353075,3773597616938.174,4518039010281.6455,5721588664548.387,11128652347371.348,10960017896309.191,4456859092601.653,14223462492973.33,15078130860047.55,19918283939353.074,155.0,184.6,226.0,384.5,397.4166666666667,183.2560632618256,451.5,688.3000000000001,893.0,1.0,1.0,1.0,1.0,1.0,0.0,1.0,1.0,1.0,100.0,100.0,100.0,100.0,100.0,0.0,100.0,100.0,100.0,0.0,0.0,0.0,0.0,0.0,0.0,0.0,0.0,0.0
69,20947816275670.035,20.947824205671036,20.0,20.947824205671036,7.929999999999875,0,1,193.63832976834965,793,20947816.275670037,"[0.0, 20.947824205671036, -7.929999999999875, -1.0]",0.1,0.25,immediate,1,0,1.0,1.0,0,48,48,0,0,48,0,48,0,48,0,211.63999999999754,10148.189999999926,21164,1014819,7.615525700035505,341.42189060000237,11.985847779682706,10.595238095238095,11.985847779682706,11985843.37051504,4.409166666666615,1.0,100.0,0.0,,,,,,,,3.5704313005719865,3.836038861955915,9.225058555603027,13.783795492989675,11.985847779682706,4.778774139322723,14.715452194213867,16.509446280343195,20.947824205671036,2.857142857142857,2.857142857142857,8.571428571428571,11.428571428571429,10.595238095238095,4.807814406263969,14.285714285714285,15.142857142857155,20.0,3.5704313005719865,3.836038861955915,9.225058555603027,13.783795492989675,11.985847779682706,4.778774139322723,14.715452194213867,16.509446280343195,20.947824205671036,1.450000000000001,1.5470000000000013,3.1999999999999758,4.034999999999958,4.409166666666615,2.0593190959364986,6.267499999999911,7.334999999999892,8.929999999999854,26.731203250586987,29.515336353331804,91.2498529329896,133.2918783351779,114.35122256193456,48.299427768583094,140.5680629108101,159.4527033377017,196.90072542970302,3570429.8505709865,3836037.314954915,9225055.365602026,13783791.462988675,11985843.37051504,4778772.408525779,14715448.219212867,16509439.285342194,20947816.275670037,3570429850570.9863,3836037314954.915,9225055365602.027,13783791462988.676,11985843370515.037,4778772408525.779,14715448219212.867,16509439285342.195,20947816275670.035,145.0,154.7,320.0,403.5,440.9166666666667,205.931909593654,626.75,733.5000000000003,893.0,1.0,1.0,1.0,1.0,1.0,0.0,1.0,1.0,1.0,100.0,100.0,100.0,100.0,100.0,0.0,100.0,100.0,100.0,0.0,0.0,0.0,0.0,0.0,0.0,0.0,0.0,0.0
70,20947816275670.035,20.947824205671036,20.0,20.947824205671036,7.929999999999875,0,1,193.63832976834965,793,20947816.275670037,"[0.0, 20.947824205671036, -7.929999999999875, -1.0]",0.1,0.25,immediate,1,0,1.0,1.0,0,48,48,0,0,48,0,48,0,48,0,221.56999999999735,10369.759999999924,22157,1036976,7.966474299959373,349.45756279997295,12.527636743727186,11.07142857142857,12.527636743727186,12527632.127684519,4.616041666666612,1.0,100.0,0.0,,,,,,,,3.5182298932756697,4.047508239746094,10.011537415640696,13.88246808733259,12.527636743727186,4.8546698210668024,15.29972893851144,19.39577102661133,20.947824205671036,2.857142857142857,2.857142857142857,8.571428571428571,11.428571428571429,11.07142857142857,4.866412722849927,14.285714285714285,17.142857142857142,20.0,3.5182298932756697,4.047508239746094,10.011537415640696,13.88246808733259,12.527636743727186,4.8546698210668024,15.29972893851144,19.39577102661133,20.947824205671036,1.430000000000001,1.6220000000000012,3.3124999999999734,4.019999999999959,4.616041666666612,2.2541542571284574,6.362499999999908,8.018999999999874,10.219999999999827,26.17193116992712,31.75124275609851,97.50644978694618,131.74194338917732,119.02034896290782,48.764912506515195,144.82721763121663,191.51735770007073,202.79408749813592,3518228.46327467,4047506.617745094,10011533.953139694,13882464.097331587,12527632.127684519,4854667.844662002,15299724.246010438,19395761.469610333,20947816.275670037,3518228463274.67,4047506617745.0938,10011533953139.695,13882464097331.59,12527632127684.518,4854667844662.002,15299724246010.438,19395761469610.332,20947816275670.035,143.0,162.2,331.25,402.0,461.6041666666667,225.41542571285032,636.25,801.9,1022.0,1.0,1.0,1.0,1.0,1.0,0.0,1.0,1.0,1.0,100.0,100.0,100.0,100.0,100.0,0.0,100.0,100.0,100.0,0.0,0.0,0.0,0.0,0.0,0.0,0.0,0.0,0.0
71,20947816275670.035,20.947824205671036,20.0,20.947824205671036,7.929999999999875,0,1,193.63832976834965,793,20947816.275670037,"[0.0, 20.947824205671036, -7.929999999999875, -1.0]",0.1,0.25,immediate,1,0,1.0,1.0,0,48,48,0,0,48,0,48,0,48,0,230.23999999999722,10599.999999999922,23024,1060000,8.251976799976546,357.78160559997195,12.80292760758173,11.011904761904761,12.80292760758173,12802922.810914062,4.796666666666609,1.0,100.0,0.0,,,,,,,,3.5178756713867188,5.422652653285435,10.753109795706614,13.659376416887554,12.80292760758173,4.582146321540458,14.70203263419015,19.8829710824149,20.947824205671036,2.857142857142857,2.857142857142857,8.571428571428571,11.428571428571429,11.011904761904761,4.84415572326095,14.285714285714285,17.142857142857142,20.0,3.5178756713867188,5.422652653285435,10.753109795706614,13.659376416887554,12.80292760758173,4.582146321540458,14.70203263419015,19.8829710824149,20.947824205671036,1.430000000000001,2.1709999999999976,3.517499999999969,4.204999999999955,4.796666666666609,2.0085808976045882,6.0949999999999145,7.9569999999998755,9.479999999999842,26.172095827758312,50.1100983209908,100.82283434644341,131.12655234709382,122.09311049515979,44.691379645327636,138.71059657260776,192.1094372277323,198.98223262398096,3517874.241385719,5422648.861284435,10753106.175705614,13659372.016886555,12802922.810914062,4582144.688191902,14702027.226689149,19882962.843413904,20947816.275670037,3517874241385.7188,5422648861284.435,10753106175705.613,13659372016886.555,12802922810914.062,4582144688191.902,14702027226689.15,19882962843413.902,20947816275670.035,143.0,217.1,351.75,420.5,479.6666666666667,200.85808976046303,609.5,795.7,948.0,1.0,1.0,1.0,1.0,1.0,0.0,1.0,1.0,1.0,100.0,100.0,100.0,100.0,100.0,0.0,100.0,100.0,100.0,0.0,0.0,0.0,0.0,0.0,0.0,0.0,0.0,0.0
72,20947816275670.035,20.947824205671036,20.0,20.947824205671036,7.929999999999875,0,1,193.63832976834965,793,20947816.275670037,"[0.0, 20.947824205671036, -7.929999999999875, -1.0]",0.1,0.25,immediate,1,0,1.0,1.0,0,48,48,0,0,48,0,48,0,48,0,255.8199999999966,10855.819999999918,25582,1085582,9.92610959999729,367.77997749997303,12.353490250451225,10.952380952380954,12.353490250451225,12353484.920866892,5.329583333333263,1.0,100.0,0.0,,,,,,,,3.5731615339006697,4.884669167654855,9.707514217921666,13.646823338099889,12.353490250451225,4.689674748175405,15.256351743425641,17.712981087820886,20.947824205671036,2.857142857142857,2.857142857142857,8.571428571428571,11.428571428571429,10.952380952380954,4.856209060564557,14.285714285714285,15.142857142857155,20.0,3.5731615339006697,4.884669167654855,9.707514217921666,13.646823338099889,12.353490250451225,4.689674748175405,15.256351743425641,17.712981087820886,20.947824205671036,1.450000000000001,1.9150000000000016,3.3949999999999716,5.944999999999918,5.329583333333263,2.203475435092335,6.8899999999998975,7.915999999999876,9.889999999999834,26.731691628694534,41.05331724286079,96.37856906073284,132.6792565435171,120.22588404656729,46.43811928368223,146.23599600119633,171.3860630408724,200.5319806933403,3573160.08389967,4884667.252653856,9707508.352920666,13646818.433098886,12353484.920866892,4689673.037661923,15256344.983424641,17712973.573819883,20947816.275670037,3573160083899.67,4884667252653.855,9707508352920.666,13646818433098.887,12353484920866.89,4689673037661.924,15256344983424.64,17712973573819.883,20947816275670.035,145.0,191.5,339.5,594.5,532.9583333333334,220.34754350923805,689.0,791.6,989.0,1.0,1.0,1.0,1.0,1.0,0.0,1.0,1.0,1.0,100.0,100.0,100.0,100.0,100.0,0.0,100.0,100.0,100.0,0.0,0.0,0.0,0.0,0.0,0.0,0.0,0.0,0.0
73,20947816275670.035,20.947824205671036,20.0,20.947824205671036,7.929999999999875,0,1,193.63832976834965,793,20947816.275670037,"[0.0, 20.947824205671036, -7.929999999999875, -1.0]",0.1,0.25,immediate,1,0,1.0,1.0,0,48,48,0,0,48,0,48,0,48,0,230.94999999999715,11086.769999999915,23095,1108677,9.013202699949034,376.8647435999592,12.070979390825542,10.773809523809524,12.070979390825542,12070974.579366209,4.811458333333274,1.0,100.0,0.0,,,,,,,,3.763814653669085,4.083225250244141,8.541060856410436,13.622632707868302,12.070979390825542,5.444916796003679,15.200920104980469,20.249091284615652,20.947824205671036,2.857142857142857,2.857142857142857,7.857142857142857,11.428571428571429,10.773809523809524,5.661649940198658,14.285714285714285,20.0,20.0,3.763814653669085,4.083225250244141,8.541060856410436,13.622632707868302,12.070979390825542,5.444916796003679,15.200920104980469,20.249091284615652,20.947824205671036,1.5200000000000011,1.6350000000000013,3.2624999999999744,4.769999999999943,4.811458333333274,2.307400223179832,6.7049999999999015,7.995999999999875,9.15999999999985,28.728527754545212,32.14322469234467,80.53902466222644,129.13492167930235,114.87343657855081,54.36120812902841,144.53583391485154,192.5260413509881,202.40338728763163,3763813.133668085,4083223.6152431406,8541057.843909435,13622627.572867304,12070974.579366209,5444914.705058133,15200913.564979468,20249082.861614656,20947816.275670037,3763813133668.085,4083223615243.1406,8541057843909.435,13622627572867.303,12070974579366.209,5444914705058.133,15200913564979.469,20249082861614.652,20947816275670.035,152.0,163.5,326.25,477.0,481.1458333333333,230.7400223179879,670.5,799.6000000000001,916.0,1.0,1.0,1.0,1.0,1.0,0.0,1.0,1.0,1.0,100.0,100.0,100.0,100.0,100.0,0.0,100.0,100.0,100.0,0.0,0.0,0.0,0.0,0.0,0.0,0.0,0.0,0.0
74,20947816275670.035,20.947824205671036,20.0,20.947824205671036,7.929999999999875,0,1,193.63832976834965,793,20947816.275670037,"[0.0, 20.947824205671036, -7.929999999999875, -1.0]",0.1,0.25,immediate,1,0,1.0,1.0,0,48,48,0,0,48,0,48,0,48,0,259.3399999999965,11346.109999999911,25934,1134611,8.432259900029749,385.3754975000047,12.990160215468634,11.666666666666666,12.990160215468634,12990154.812550968,5.402916666666594,1.0,100.0,0.0,,,,,,,,3.625461033412388,4.040236881801061,10.09065559932164,13.260596139090403,12.990160215468634,5.566340695518907,17.250587599618093,20.52337564740862,20.947824205671036,2.857142857142857,2.857142857142857,8.571428571428571,11.428571428571429,11.666666666666666,5.739033711044738,15.0,20.0,20.0,3.625461033412388,4.040236881801061,10.09065559932164,13.260596139090403,12.990160215468634,5.566340695518907,17.250587599618093,20.52337564740862,20.947824205671036,1.470000000000001,1.6240000000000012,3.522499999999969,5.034999999999937,5.402916666666594,2.4839358539198706,7.6224999999998815,8.688999999999862,9.57999999999984,27.2961860075593,31.692678350955248,99.80168747715652,131.44632936979178,124.09691362895303,54.16021249893724,165.78743990130897,193.9983111444366,201.3751117106658,3625459.563411388,4040235.257800061,10090652.154320639,13260591.624089401,12990154.812550968,5566338.445985715,17250580.419617094,20523367.237407625,20947816.275670037,3625459563411.388,4040235257800.0605,10090652154320.639,13260591624089.402,12990154812550.967,5566338445985.715,17250580419617.094,20523367237407.62,20947816275670.035,147.0,162.4,352.25,503.5,540.2916666666666,248.39358539199216,762.25,868.9000000000002,958.0,1.0,1.0,1.0,1.0,1.0,0.0,1.0,1.0,1.0,100.0,100.0,100.0,100.0,100.0,0.0,100.0,100.0,100.0,0.0,0.0,0.0,0.0,0.0,0.0,0.0,0.0,0.0
75,26912788233433.926,26.912804633434927,25.71428571428571,26.912804633434927,16.399999999999764,0,1,280.53960382335936,1640,26912788.233433925,"[0.0, 26.912804633434927, -16.399999999999764, -1.0]",0.1,0.25,immediate,1,0,1.0,1.0,0,48,48,0,0,48,0,48,0,48,0,266.81999999999647,11612.929999999908,26682,1161293,9.10727819998283,394.6139052999788,13.135284149133478,11.547619047619046,13.135284149133478,13135278.590382481,5.558749999999926,1.0,100.0,0.0,,,,,,,,3.6535753522600447,5.340151650565011,9.920953341892787,13.39676993233817,13.135284149133478,5.67323492467063,17.548945971897673,20.51241956438337,26.912804633434927,2.857142857142857,2.857142857142857,8.571428571428571,11.428571428571429,11.547619047619046,5.742736711996351,15.0,20.0,25.71428571428571,3.6535753522600447,5.340151650565011,9.920953341892787,13.39676993233817,13.135284149133478,5.67323492467063,17.548945971897673,20.51241956438337,26.912804633434927,1.480000000000001,2.0549999999999997,3.3149999999999733,6.339999999999909,5.558749999999926,2.921279417909159,7.444999999999886,8.755999999999858,16.399999999999764,27.580097019672394,45.96559730321169,95.26759250462055,127.14839995803777,126.08793721684363,57.11570145292444,166.32713546566083,196.2810991695689,280.53960382335936,3653573.872259045,5340149.5955640115,9920950.044391789,13396765.94733717,13135278.590382481,5673232.34559804,17548938.46689667,20512411.645382375,26912788.233433925,3653573872259.045,5340149595564.012,9920950044391.787,13396765947337.17,13135278590382.479,5673232345598.04,17548938466896.672,20512411645382.375,26912788233433.926,148.0,205.5,331.5,634.0,555.875,292.12794179092145,744.5,875.6,1640.0,1.0,1.0,1.0,1.0,1.0,0.0,1.0,1.0,1.0,100.0,100.0,100.0,100.0,100.0,0.0,100.0,100.0,100.0,0.0,0.0,0.0,0.0,0.0,0.0,0.0,0.0,0.0
76,26912788233433.926,26.912804633434927,25.71428571428571,26.912804633434927,16.399999999999764,0,1,280.53960382335936,1640,26912788.233433925,"[0.0, 26.912804633434927, -16.399999999999764, -1.0]",0.1,0.25,immediate,1,0,1.0,1.0,0,48,48,0,0,48,0,48,0,48,0,265.3699999999964,11878.299999999905,26537,1187830,9.005969400051981,403.6929448999581,13.46920611700301,12.202380952380949,13.46920611700301,13469200.588460343,5.528541666666592,1.0,100.0,0.0,,,,,,,,3.515777587890625,3.8346448625837057,8.536958013262067,14.315855843680247,13.46920611700301,6.804901438637185,20.071325983319962,20.701405933925088,26.912804633434927,2.857142857142857,2.857142857142857,7.142857142857142,12.857142857142858,12.202380952380949,6.992211005056198,20.0,20.0,25.71428571428571,3.515777587890625,3.8346448625837057,8.536958013262067,14.315855843680247,13.46920611700301,6.804901438637185,20.071325983319962,20.701405933925088,26.912804633434927,1.430000000000001,1.5470000000000013,2.9899999999999802,4.91499999999994,5.528541666666592,3.352417653464953,8.104999999999873,8.768999999999858,16.399999999999764,26.172080002725124,29.48012580052018,81.89687806554139,134.13753731921315,126.94409035930782,68.23800081598837,191.13751730325748,194.374431295065,280.53960382335936,3515776.157889625,3834643.315582705,8536955.000761067,14315851.058679245,13469200.588460343,6804898.2774339225,20071317.89831896,20701397.854924086,26912788.233433925,3515776157889.625,3834643315582.7056,8536955000761.066,14315851058679.246,13469200588460.344,6804898277433.923,20071317898318.96,20701397854924.09,26912788233433.926,143.0,154.7,299.0,491.5,552.8541666666666,335.2417653465017,810.5,876.9000000000001,1640.0,1.0,1.0,1.0,1.0,1.0,0.0,1.0,1.0,1.0,100.0,100.0,100.0,100.0,100.0,0.0,100.0,100.0,100.0,0.0,0.0,0.0,0.0,0.0,0.0,0.0,0.0,0.0
77,26912788233433.926,26.912804633434927,25.71428571428571,26.912804633434927,16.399999999999764,0,1,280.53960382335936,1640,26912788.233433925,"[0.0, 26.912804633434927, -16.399999999999764, -1.0]",0.1,0.25,immediate,1,0,1.0,1.0,0,48,48,0,0,48,0,48,0,48,0,285.97999999999604,12164.2799999999,28598,1216428,9.60255650000181,413.3709170999937,13.30662099475831,11.785714285714285,13.30662099475831,13306615.036840642,5.957916666666584,1.0,100.0,0.0,,,,,,,,3.553058079310826,4.90147944859096,9.969325746808734,11.13274301801409,13.30662099475831,5.995654177578018,16.421281269618444,20.414704186575754,26.912804633434927,2.857142857142857,2.857142857142857,8.571428571428571,8.571428571428571,11.785714285714285,6.271222471936154,14.285714285714285,20.0,25.71428571428571,3.553058079310826,4.90147944859096,9.969325746808734,11.13274301801409,13.30662099475831,5.995654177578018,16.421281269618444,20.414704186575754,26.912804633434927,1.450000000000001,1.9220000000000015,3.4474999999999705,6.429999999999907,5.957916666666584,3.1799901456433,7.869999999999877,9.169999999999849,16.399999999999764,26.553025253117085,41.42904142811894,94.35832572234358,127.77104144558689,128.4706687877715,62.01020361593575,154.137995416615,200.01463068267333,280.53960382335936,3553056.629309826,4901477.526589959,9969322.331807733,11132737.53801309,13306615.036840642,5995651.392823206,16421274.374617442,20414694.976574752,26912788.233433925,3553056629309.826,4901477526589.96,9969322331807.734,11132737538013.09,13306615036840.64,5995651392823.206,16421274374617.443,20414694976574.754,26912788233433.926,145.0,192.20000000000002,344.75,643.0,595.7916666666666,317.99901456433616,787.0,917.0,1640.0,1.0,1.0,1.0,1.0,1.0,0.0,1.0,1.0,1.0,100.0,100.0,100.0,100.0,100.0,0.0,100.0,100.0,100.0,0.0,0.0,0.0,0.0,0.0,0.0,0.0,0.0,0.0
78,26912788233433.926,26.912804633434927,25.71428571428571,26.912804633434927,16.399999999999764,0,1,280.53960382335936,1640,26912788.233433925,"[0.0, 26.912804633434927, -16.399999999999764, -1.0]",0.1,0.25,immediate,1,0,1.0,1.0,0,48,48,0,0,48,0,48,0,48,0,276.8699999999962,12441.149999999896,27687,1244115,9.083260200044606,422.5241963999579,13.337581066412858,11.904761904761903,13.337581066412858,13337575.298286857,5.7681249999999205,1.0,100.0,0.0,,,,,,,,3.5709653581891745,3.9898986816406254,10.441601616995676,13.958715711321151,13.337581066412858,5.985062391058172,16.660701206752233,20.306294577462335,26.912804633434927,2.857142857142857,2.857142857142857,8.571428571428571,11.428571428571429,11.904761904761903,6.042179781166438,14.285714285714285,20.0,25.71428571428571,3.5709653581891745,3.9898986816406254,10.441601616995676,13.958715711321151,13.337581066412858,5.985062391058172,16.660701206752233,20.306294577462335,26.912804633434927,1.450000000000001,1.6070000000000013,3.5974999999999673,6.079999999999915,5.7681249999999205,3.0564764955268315,7.662499999999881,9.17199999999985,16.399999999999764,26.731428794562817,31.1591477714479,102.97375351148366,135.62738630920649,127.13278428593215,60.41872656797839,156.98726984814493,194.68691752087327,280.53960382335936,3570963.9081881745,3989897.0746396254,10441597.504494676,13958710.756320149,13337575.298286857,5985059.630293049,16660694.161751233,20306286.712461334,26912788.233433925,3570963908188.1743,3989897074639.6255,10441597504494.676,13958710756320.15,13337575298286.86,5985059630293.05,16660694161751.232,20306286712461.336,26912788233433.926,145.0,160.7,359.75,608.0,576.8125,305.6476495526889,766.25,917.2,1640.0,1.0,1.0,1.0,1.0,1.0,0.0,1.0,1.0,1.0,100.0,100.0,100.0,100.0,100.0,0.0,100.0,100.0,100.0,0.0,0.0,0.0,0.0,0.0,0.0,0.0,0.0,0.0
79,26912788233433.926,26.912804633434927,25.71428571428571,26.912804633434927,16.399999999999764,0,1,280.53960382335936,1640,26912788.233433925,"[0.0, 26.912804633434927, -16.399999999999764, -1.0]",0.1,0.25,immediate,1,0,1.0,1.0,0,48,48,0,0,48,0,48,0,48,0,270.37999999999636,12711.529999999892,27038,1271153,8.974692599964328,431.57292419997975,12.814201195589405,11.30952380952381,12.814201195589405,12814195.562671741,5.632916666666591,1.0,100.0,0.0,,,,,,,,3.5182135445731024,4.223972865513393,9.988525935581752,11.305659157889231,12.814201195589405,5.751498174256636,15.769252777099611,20.352831976754324,26.912804633434927,2.857142857142857,2.857142857142857,8.571428571428571,8.571428571428571,11.30952380952381,6.0033531824395086,14.285714285714285,20.0,25.71428571428571,3.5182135445731024,4.223972865513393,9.988525935581752,11.305659157889231,12.814201195589405,5.751498174256636,15.769252777099611,20.352831976754324,26.912804633434927,1.490000000000001,1.7910000000000015,3.429999999999971,4.339999999999952,5.632916666666591,3.134227016834482,7.852499999999877,9.094999999999851,16.399999999999764,26.177280485630035,33.652934269607066,97.10105725377798,120.98744466197968,122.84413048691628,58.06950906715762,147.60990553386364,195.77744149049832,280.53960382335936,3518211.8445721027,4223971.116512394,9988519.878080752,11305654.167888228,12814195.562671741,5751495.449078346,15769246.294598611,20352822.847753324,26912788.233433925,3518211844572.1025,4223971116512.393,9988519878080.752,11305654167888.23,12814195562671.74,5751495449078.347,15769246294598.611,20352822847753.324,26912788233433.926,149.0,179.1,343.0,434.0,563.2916666666666,313.42270168345425,785.25,909.5000000000001,1640.0,1.0,1.0,1.0,1.0,1.0,0.0,1.0,1.0,1.0,100.0,100.0,100.0,100.0,100.0,0.0,100.0,100.0,100.0,0.0,0.0,0.0,0.0,0.0,0.0,0.0,0.0,0.0
80,26912788233433.926,26.912804633434927,25.71428571428571,26.912804633434927,16.399999999999764,0,1,280.53960382335936,1640,26912788.233433925,"[0.0, 26.912804633434927, -16.399999999999764, -1.0]",0.1,0.25,immediate,1,0,1.0,1.0,0,48,48,0,0,48,0,48,0,48,0,331.6399999999951,13043.169999999887,33164,1304317,10.651462499983609,442.30151279998245,14.438354820986861,12.916666666666666,14.438354820986861,14438347.911819195,6.9091666666665645,1.0,100.0,0.0,,,,,,,,3.7839344569614957,5.366608755929129,10.690877778189522,14.70604487827846,14.438354820986861,5.722679098551478,19.768553461347306,20.18599728175572,26.912804633434927,2.857142857142857,4.857142857142858,8.571428571428571,14.285714285714285,12.916666666666666,5.7139756860341615,17.142857142857142,20.0,25.71428571428571,3.7839344569614957,5.366608755929129,10.690877778189522,14.70604487827846,14.438354820986861,5.722679098551478,19.768553461347306,20.18599728175572,26.912804633434927,1.5900000000000012,2.1209999999999978,5.712499999999922,7.089999999999893,6.9091666666665645,2.857430980016008,8.60999999999986,9.312999999999846,16.399999999999764,28.983524933457375,47.554154583811766,101.48443384285565,143.53258956919308,140.73791138207753,57.98044977146319,192.5635094232257,195.9795566508401,280.53960382335936,3783932.6369604957,5366606.66492813,10690872.168188522,14706039.913277458,14438347.911819195,5722676.635255585,19768545.146346305,20185988.322754722,26912788.233433925,3783932636960.4956,5366606664928.13,10690872168188.521,14706039913277.46,14438347911819.193,5722676635255.585,19768545146346.305,20185988322754.723,26912788233433.926,159.0,212.10000000000002,571.25,709.0,690.9166666666666,285.74309800160626,861.0,931.3,1640.0,1.0,1.0,1.0,1.0,1.0,0.0,1.0,1.0,1.0,100.0,100.0,100.0,100.0,100.0,0.0,100.0,100.0,100.0,0.0,0.0,0.0,0.0,0.0,0.0,0.0,0.0,0.0
81,26912788233433.926,26.912804633434927,25.71428571428571,26.912804633434927,16.399999999999764,0,1,280.53960382335936,1640,26912788.233433925,"[0.0, 26.912804633434927, -16.399999999999764, -1.0]",0.1,0.25,immediate,1,0,1.0,1.0,0,48,48,0,0,48,0,48,0,48,0,278.6199999999962,13321.789999999883,27862,1332179,8.665499900002033,451.03967999998713,12.87765516509072,11.25,12.87765516509072,12877649.360506387,5.804583333333254,1.0,100.0,0.0,,,,,,,,3.7075914655412947,4.651135580880301,10.03023556300572,12.857142857142856,12.87765516509072,5.508814728422882,14.735834939139231,20.053819928850448,26.912804633434927,2.857142857142857,2.857142857142857,8.571428571428571,11.428571428571429,11.25,5.606308703497477,14.285714285714285,18.00000000000001,25.71428571428571,3.7075914655412947,4.651135580880301,10.03023556300572,12.857142857142856,12.87765516509072,5.508814728422882,14.735834939139231,20.053819928850448,26.912804633434927,1.500000000000001,1.8360000000000014,3.844999999999962,5.604999999999925,5.804583333333254,3.045482965484325,7.4274999999998865,8.883999999999862,16.399999999999764,28.152269676327705,38.49165576696396,95.40035707131028,127.58272645995021,124.88838844516461,56.28159580499265,141.702346842736,194.10668826674882,280.53960382335936,3707589.965540295,4651133.747879301,10030232.20050472,12857138.267141856,12877649.360506387,5508812.180615375,14735829.171638232,20053811.939849447,26912788.233433925,3707589965540.295,4651133747879.301,10030232200504.719,12857138267141.855,12877649360506.385,5508812180615.376,14735829171638.23,20053811939849.445,26912788233433.926,150.0,183.6,384.5,560.5,580.4583333333334,304.5482965484384,742.75,888.4000000000008,1640.0,1.0,1.0,1.0,1.0,1.0,0.0,1.0,1.0,1.0,100.0,100.0,100.0,100.0,100.0,0.0,100.0,100.0,100.0,0.0,0.0,0.0,0.0,0.0,0.0,0.0,0.0,0.0
82,26912788233433.926,26.912804633434927,25.71428571428571,26.912804633434927,16.399999999999764,0,1,280.53960382335936,1640,26912788.233433925,"[0.0, 26.912804633434927, -16.399999999999764, -1.0]",0.1,0.25,immediate,1,0,1.0,1.0,0,48,48,0,0,48,0,48,0,48,0,275.55999999999625,13597.349999999878,27556,1359735,8.08623010001611,459.1939567999798,12.784390698850425,11.25,12.784390698850425,12784384.958016096,5.7408333333332555,1.0,100.0,0.0,,,,,,,,3.3190100533621654,4.012586321149554,7.600675991603306,12.766919817243302,12.784390698850425,6.624499897357645,19.585925510951448,20.232314790998185,26.912804633434927,2.857142857142857,2.857142857142857,5.714285714285714,11.428571428571429,11.25,6.685506966667564,17.142857142857142,20.0,25.71428571428571,3.3190100533621654,4.012586321149554,7.600675991603306,12.766919817243302,12.784390698850425,6.624499897357645,19.585925510951448,20.232314790998185,26.912804633434927,1.5400000000000011,1.6310000000000013,3.272499999999974,5.759999999999922,5.7408333333332555,3.302066167147745,8.20249999999987,9.285999999999847,16.399999999999764,29.310357868671417,32.01996071413159,80.40771915949881,121.75147370249033,122.49768346590979,67.51338812983512,187.0885452347502,198.81723246400287,280.53960382335936,3319006.3233611654,4012584.7111485535,7600670.759102306,12766915.212242303,12784384.958016096,6624496.955601415,19585916.715950448,20232306.79499719,26912788.233433925,3319006323361.1655,4012584711148.5537,7600670759102.307,12766915212242.303,12784384958016.094,6624496955601.415,19585916715950.45,20232306794997.188,26912788233433.926,154.0,163.1,327.25,576.0,574.0833333333334,330.20661671478086,820.25,928.6000000000001,1640.0,1.0,1.0,1.0,1.0,1.0,0.0,1.0,1.0,1.0,100.0,100.0,100.0,100.0,100.0,0.0,100.0,100.0,100.0,0.0,0.0,0.0,0.0,0.0,0.0,0.0,0.0,0.0
83,26912788233433.926,26.912804633434927,25.71428571428571,26.912804633434927,16.399999999999764,0,1,280.53960382335936,1640,26912788.233433925,"[0.0, 26.912804633434927, -16.399999999999764, -1.0]",0.1,0.25,immediate,1,0,1.0,1.0,0,48,48,0,0,48,0,48,0,48,0,324.94999999999516,13922.299999999874,32495,1392230,9.93233829998644,469.19690819998505,14.1418315517323,12.55952380952381,14.1418315517323,14141824.781939633,6.769791666666566,1.0,100.0,0.0,,,,,,,,3.104651314871652,3.8774277823311945,9.841461181640625,13.523589542933873,14.1418315517323,6.806426103596635,19.704271044049943,22.328171593802335,26.912804633434927,2.857142857142857,2.857142857142857,8.571428571428571,11.428571428571429,12.55952380952381,6.617323773467828,17.142857142857142,20.85714285714287,25.71428571428571,3.104651314871652,3.8774277823311945,9.841461181640625,13.523589542933873,14.1418315517323,6.806426103596635,19.704271044049943,22.328171593802335,26.912804633434927,1.5100000000000011,1.6120000000000012,3.702499999999965,6.7049999999999015,6.769791666666566,3.5678188304055913,8.752499999999857,11.318999999999804,16.399999999999764,22.028763974958565,29.955517443269493,98.57929291948676,135.59236386790872,139.98532407287016,70.63228111183118,195.38670554873534,217.35611052094998,281.6693081315607,3104648.834870652,3877426.2183301942,9841457.651639625,13523583.697932875,14141824.781939633,6806423.04404947,19704261.656548943,22328162.038801335,26912788.233433925,3104648834870.652,3877426218330.1943,9841457651639.625,13523583697932.875,14141824781939.633,6806423044049.47,19704261656548.945,22328162038801.336,26912788233433.926,151.0,161.2,370.25,670.5,676.9791666666666,356.7818830405662,875.25,1131.9,1640.0,1.0,1.0,1.0,1.0,1.0,0.0,1.0,1.0,1.0,100.0,100.0,100.0,100.0,100.0,0.0,100.0,100.0,100.0,0.0,0.0,0.0,0.0,0.0,0.0,0.0,0.0,0.0
84,26912788233433.926,26.912804633434927,25.71428571428571,26.912804633434927,16.399999999999764,0,1,280.53960382335936,1640,26912788.233433925,"[0.0, 26.912804633434927, -16.399999999999764, -1.0]",0.1,0.25,immediate,1,0,1.0,1.0,0,48,48,0,0,48,0,48,0,48,0,370.4199999999946,14292.719999999868,37042,1429272,10.32228349999059,479.58503829996334,15.677056067147857,14.226190476190476,15.677056067147857,15677048.35006352,7.717083333333221,1.0,100.0,0.0,,,,,,,,3.861994062151228,9.688862936837333,10.697002410888672,15.429872785295759,15.677056067147857,5.819226663828277,20.108661651611328,20.71142496381487,26.912804633434927,2.857142857142857,8.571428571428571,8.571428571428571,14.285714285714285,14.226190476190476,5.9330041756898195,20.0,20.0,25.71428571428571,3.861994062151228,9.688862936837333,10.697002410888672,15.429872785295759,15.677056067147857,5.819226663828277,20.108661651611328,20.71142496381487,26.912804633434927,1.5600000000000012,3.280999999999974,6.544999999999905,7.819999999999878,7.717083333333221,3.38299051526731,8.732499999999858,10.987999999999813,17.990000000000013,29.748552426695824,92.23310393840075,107.48747670872217,153.5633076297745,153.77291958242313,59.86553568274327,192.3729396186245,201.73910363654724,281.6693081315607,3861992.5021502282,9688856.423836334,10696996.120887673,15429864.515294759,15677048.35006352,5819223.93939728,20108653.696610328,20711416.67681387,26912788.233433925,3861992502150.228,9688856423836.332,10696996120887.672,15429864515294.758,15677048350063.521,5819223939397.279,20108653696610.33,20711416676813.87,26912788233433.926,156.0,328.1,654.5,782.0,771.7083333333334,338.2990515267355,873.25,1098.8000000000002,1799.0,1.0,1.0,1.0,1.0,1.0,0.0,1.0,1.0,1.0,100.0,100.0,100.0,100.0,100.0,0.0,100.0,100.0,100.0,0.0,0.0,0.0,0.0,0.0,0.0,0.0,0.0,0.0
85,26912788233433.926,26.912804633434927,25.71428571428571,26.912804633434927,16.399999999999764,0,1,280.53960382335936,1640,26912788.233433925,"[0.0, 26.912804633434927, -16.399999999999764, -1.0]",0.1,0.25,immediate,1,0,1.0,1.0,0,48,48,0,0,48,0,48,0,48,0,324.68999999999517,14617.409999999863,32469,1461741,9.1793835000135,488.8352561999927,14.121317334219533,12.67857142857143,14.121317334219533,14121310.569843533,6.764374999999899,1.0,100.0,0.0,,,,,,,,3.8156073434012274,3.994469233921596,9.479710033961705,13.996554783412389,14.121317334219533,6.667984747585692,20.192221232822963,20.796343667166575,26.912804633434927,2.857142857142857,2.857142857142857,8.571428571428571,11.428571428571429,12.67857142857143,6.748803118880781,20.0,20.0,25.71428571428571,3.8156073434012274,3.994469233921596,9.479710033961705,13.996554783412389,14.121317334219533,6.667984747585692,20.192221232822963,20.796343667166575,26.912804633434927,1.5400000000000011,1.6380000000000012,4.279999999999953,6.964999999999896,6.764374999999899,3.3290870284070233,8.314999999999866,9.906999999999835,16.399999999999764,29.31027001142502,31.207937379181384,97.94888619360063,140.4389076125808,137.86395832658658,66.184959659318,189.8620695544687,198.71243899369583,281.6693081315607,3815605.8034002273,3994467.6239205957,9479705.836460706,13996548.62841139,14121310.569843533,6667981.801995676,20192211.855321962,20796335.433165573,26912788.233433925,3815605803400.2275,3994467623920.5957,9479705836460.705,13996548628411.389,14121310569843.533,6667981801995.676,20192211855321.96,20796335433165.574,26912788233433.926,154.0,163.8,428.0,696.5,676.4375,332.90870284070877,831.5,990.7,1640.0,1.0,1.0,1.0,1.0,1.0,0.0,1.0,1.0,1.0,100.0,100.0,100.0,100.0,100.0,0.0,100.0,100.0,100.0,0.0,0.0,0.0,0.0,0.0,0.0,0.0,0.0,0.0
86,27251334551236.62,27.25134784123762,25.71428571428571,27.25134784123762,13.289999999999761,0,1,275.43031915415486,1329,27251334.551236622,"[0.0, 27.25134784123762, -13.289999999999761, -1.0]",0.1,0.25,immediate,1,0,1.0,1.0,0,48,48,0,0,48,0,48,0,48,0,320.4599999999953,14937.869999999859,32046,1493787,8.473308699962217,497.37436209997395,13.43848006706427,11.964285714285714,13.43848006706427,13438473.39081327,6.676249999999903,1.0,100.0,0.0,,,,,,,,4.010898045131139,5.831509181431361,10.02058642251151,11.170888628278458,13.43848006706427,5.910850404839203,17.387958254132954,20.37338720049177,27.25134784123762,2.857142857142857,4.857142857142858,8.571428571428571,8.571428571428571,11.964285714285714,6.134996354694014,15.0,20.0,25.71428571428571,4.010898045131139,5.831509181431361,10.02058642251151,11.170888628278458,13.43848006706427,5.910850404839203,17.387958254132954,20.37338720049177,27.25134784123762,1.6100000000000012,2.2759999999999954,3.417499999999971,6.914999999999897,6.676249999999903,3.4799925915868726,8.094999999999871,9.800999999999837,16.399999999999764,31.385046929121017,53.43955976143479,96.87420889548957,120.77313487730862,132.78814928359603,59.3714847025368,163.83701401093276,196.38391316778143,281.6693081315607,4010896.435130139,5831506.905430362,10020583.07001051,11170881.76327746,13438473.39081327,5910847.883146369,17387950.231631953,20373379.614490766,27251334.551236622,4010896435130.1387,5831506905430.361,10020583070010.51,11170881763277.459,13438473390813.271,5910847883146.369,17387950231631.953,20373379614490.77,27251334551236.62,161.0,227.6,341.75,691.5,667.625,347.9992591586942,809.5,980.1,1640.0,1.0,1.0,1.0,1.0,1.0,0.0,1.0,1.0,1.0,100.0,100.0,100.0,100.0,100.0,0.0,100.0,100.0,100.0,0.0,0.0,0.0,0.0,0.0,0.0,0.0,0.0,0.0
87,27251334551236.62,27.25134784123762,25.71428571428571,27.25134784123762,13.289999999999761,0,1,275.43031915415486,1329,27251334.551236622,"[0.0, 27.25134784123762, -13.289999999999761, -1.0]",0.1,0.25,immediate,1,0,1.0,1.0,0,48,48,0,0,48,0,48,0,48,0,353.7199999999961,15291.589999999855,35372,1529159,9.661127400002442,507.104561599961,14.015295435683337,12.5,14.015295435683337,14015288.06651567,7.369166666666586,1.0,100.0,0.0,,,,,,,,3.6533464704241068,4.220164162772042,9.884024347577776,12.453746795654297,14.015295435683337,6.662917801157429,20.38051060267857,22.673570110307686,27.25134784123762,2.857142857142857,2.857142857142857,8.571428571428571,11.428571428571429,12.5,6.640040365421115,20.0,20.85714285714287,25.71428571428571,3.6533464704241068,4.220164162772042,9.884024347577776,12.453746795654297,14.015295435683337,6.662917801157429,20.38051060267857,22.673570110307686,27.25134784123762,1.490000000000001,1.7040000000000013,3.9049999999999607,7.169999999999892,7.369166666666586,4.481325061358059,8.507499999999864,13.66199999999976,24.510000000001032,27.606128059327602,33.6199123814702,105.21008326445008,131.11087236295134,141.3599779139428,65.32472465847543,193.05616863553223,217.40787106509907,280.53960382335936,3653344.980423107,4220162.466771042,9884015.560076777,12453739.520653296,14015288.06651567,6662914.935734146,20380502.38267757,22673558.686306685,27251334.551236622,3653344980423.107,4220162466771.042,9884015560076.777,12453739520653.297,14015288066515.672,6662914935734.1455,20380502382677.57,22673558686306.684,27251334551236.62,149.0,170.4,390.5,717.0,736.9166666666666,448.1325061358031,850.75,1366.2000000000005,2451.0,1.0,1.0,1.0,1.0,1.0,0.0,1.0,1.0,1.0,100.0,100.0,100.0,100.0,100.0,0.0,100.0,100.0,100.0,0.0,0.0,0.0,0.0,0.0,0.0,0.0,0.0,0.0
88,27251334551236.62,27.25134784123762,25.71428571428571,27.25134784123762,13.289999999999761,0,1,275.43031915415486,1329,27251334.551236622,"[0.0, 27.25134784123762, -13.289999999999761, -1.0]",0.1,0.25,immediate,1,0,1.0,1.0,0,48,48,0,0,48,0,48,0,48,0,331.2599999999951,15622.84999999985,33126,1562285,8.760956400015857,515.9313773000031,14.542122319814638,13.035714285714285,14.542122319814638,14542115.418563636,6.901249999999898,1.0,100.0,0.0,,,,,,,,3.6001368931361606,9.667083740234375,10.845300810677664,14.589884621756418,14.542122319814638,5.5132302241570414,19.706522396632604,20.62207330976214,27.25134784123762,2.857142857142857,8.571428571428571,8.571428571428571,14.285714285714285,13.035714285714285,5.651628204380063,17.142857142857142,20.0,25.71428571428571,3.6001368931361606,9.667083740234375,10.845300810677664,14.589884621756418,14.542122319814638,5.5132302241570414,19.706522396632604,20.62207330976214,27.25134784123762,1.460000000000001,3.311999999999973,5.892499999999918,6.929999999999897,6.901249999999898,2.8677253071902977,8.60999999999986,9.757999999999837,16.399999999999764,27.013398550450802,93.64104830920697,101.11456556641497,140.51380912400782,140.83808939746663,56.539391082724656,189.60290835666092,201.77973022688312,280.53960382335936,3600135.4331351607,9667079.447233373,10845293.793176666,14589878.446755417,14542115.418563636,5513227.674101925,19706512.999131605,20622064.11176114,27251334.551236622,3600135433135.1606,9667079447233.375,10845293793176.664,14589878446755.418,14542115418563.635,5513227674101.926,19706512999131.605,20622064111761.14,27251334551236.62,146.0,331.2,589.25,693.0,690.125,286.7725307190352,861.0,975.8000000000001,1640.0,1.0,1.0,1.0,1.0,1.0,0.0,1.0,1.0,1.0,100.0,100.0,100.0,100.0,100.0,0.0,100.0,100.0,100.0,0.0,0.0,0.0,0.0,0.0,0.0,0.0,0.0,0.0
89,27251334551236.62,27.25134784123762,25.71428571428571,27.25134784123762,13.289999999999761,0,1,275.43031915415486,1329,27251334.551236622,"[0.0, 27.25134784123762, -13.289999999999761, -1.0]",0.1,0.25,immediate,1,0,1.0,1.0,0,48,48,0,0,48,0,48,0,48,0,322.8499999999953,15945.699999999844,32285,1594570,10.039802299987059,526.0385081999702,13.902690332324662,12.202380952380954,13.902690332324662,13902683.606281996,6.7260416666665686,1.0,100.0,0.0,,,,,,,,3.2805252075195317,9.745438167027064,10.842313766479492,13.306887490408762,13.902690332324662,4.94657367509416,16.059771946498326,20.35638890947615,27.25134784123762,2.857142857142857,8.571428571428571,8.571428571428571,11.428571428571429,12.202380952380954,5.240462127585467,14.285714285714285,20.0,25.71428571428571,3.2805252075195317,9.745438167027064,10.842313766479492,13.306887490408762,13.902690332324662,4.94657367509416,16.059771946498326,20.35638890947615,27.25134784123762,2.0400000000000005,3.437999999999971,4.299999999999953,6.7749999999999,6.7260416666665686,2.801333566047354,8.14999999999987,9.561999999999841,16.399999999999764,35.29059911472723,93.66772238970297,104.46186947479146,131.12235647592752,136.64363177903942,50.02036062713927,151.33498395801143,197.80387115786,280.53960382335936,3280521.9975185315,9745433.564026065,10842306.786478492,13306882.49540776,13902683.606281996,4946571.439383808,16059763.728997327,20356380.17647515,27251334.551236622,3280521997518.5317,9745433564026.064,10842306786478.492,13306882495407.762,13902683606281.994,4946571439383.807,16059763728997.326,20356380176475.15,27251334551236.62,204.0,343.8,430.0,677.5,672.6041666666666,280.1333566047408,815.0,956.2,1640.0,1.0,1.0,1.0,1.0,1.0,0.0,1.0,1.0,1.0,100.0,100.0,100.0,100.0,100.0,0.0,100.0,100.0,100.0,0.0,0.0,0.0,0.0,0.0,0.0,0.0,0.0,0.0
90,27251334551236.62,27.25134784123762,25.71428571428571,27.25134784123762,13.289999999999761,0,1,275.43031915415486,1329,27251334.551236622,"[0.0, 27.25134784123762, -13.289999999999761, -1.0]",0.1,0.25,immediate,1,0,1.0,1.0,0,48,48,0,0,48,0,48,0,48,0,302.4999999999957,16248.19999999984,30250,1624820,10.85154370003147,536.9635058999993,12.631623099011966,11.07142857142857,12.631623099011966,12631616.79692763,6.302083333333243,1.0,100.0,0.0,,,,,,,,3.4657832554408485,3.870264870779855,9.422760690961566,11.303937094552175,12.631623099011966,6.110814154492465,16.44997460501535,20.16610281808036,27.25134784123762,2.857142857142857,2.857142857142857,8.571428571428571,8.571428571428571,11.07142857142857,6.244044781877788,14.285714285714285,20.0,25.71428571428571,3.4657832554408485,3.870264870779855,9.422760690961566,11.303937094552175,12.631623099011966,6.110814154492465,16.44997460501535,20.16610281808036,27.25134784123762,1.490000000000001,1.5600000000000012,3.912499999999961,6.904999999999897,6.302083333333243,3.189741994747407,7.984999999999874,9.428999999999844,16.399999999999764,25.64038895815611,29.86070982962847,92.3402736100179,126.50293551429058,124.06191431440766,62.39918998226864,151.30664938313566,198.1881046886687,280.53960382335936,3465781.7554398486,3870263.310778855,9422756.855960567,11303929.914551176,12631616.79692763,6110811.500646921,16449967.320014346,20166094.21107936,27251334.551236622,3465781755439.8486,3870263310778.8545,9422756855960.566,11303929914551.176,12631616796927.63,6110811500646.921,16449967320014.348,20166094211079.36,27251334551236.62,149.0,156.0,391.25,690.5,630.2083333333334,318.9741994747468,798.5,942.9,1640.0,1.0,1.0,1.0,1.0,1.0,0.0,1.0,1.0,1.0,100.0,100.0,100.0,100.0,100.0,0.0,100.0,100.0,100.0,0.0,0.0,0.0,0.0,0.0,0.0,0.0,0.0,0.0
91,27251334551236.62,27.25134784123762,25.71428571428571,27.25134784123762,13.289999999999761,0,1,275.43031915415486,1329,27251334.551236622,"[0.0, 27.25134784123762, -13.289999999999761, -1.0]",0.1,0.25,immediate,1,0,1.0,1.0,0,48,48,0,0,48,0,48,0,48,0,344.49999999999477,16592.699999999837,34450,1659270,11.956043799989857,548.9943360000034,14.656646673004689,13.333333333333334,14.656646673004689,14656639.495920355,7.177083333333225,1.0,100.0,0.0,,,,,,,,3.2655988420758932,4.039982386997767,10.070043972560338,14.935695103236608,14.656646673004689,7.0561319203683395,20.510806356157577,22.237556155976126,27.25134784123762,2.857142857142857,2.857142857142857,8.571428571428571,14.285714285714285,13.333333333333334,7.1981983132528455,20.0,20.85714285714287,25.71428571428571,3.2655988420758932,4.039982386997767,10.070043972560338,14.935695103236608,14.656646673004689,7.0561319203683395,20.510806356157577,22.237556155976126,27.25134784123762,1.5100000000000011,1.6200000000000012,5.077499999999937,7.439999999999886,7.177083333333225,3.5952219207889957,9.047499999999852,11.950999999999794,16.399999999999764,23.588215485215187,31.68619337454438,98.57483020375003,140.3536853371188,140.1747465519205,72.7501414350256,191.3924686356877,227.983792679995,280.53960382335936,3265597.242074893,4039980.766996768,10070037.755059337,14935689.403235607,14656639.495920355,7056128.673813564,20510797.903656576,22237546.381975126,27251334.551236622,3265597242074.893,4039980766996.7676,10070037755059.338,14935689403235.607,14656639495920.354,7056128673813.564,20510797903656.58,22237546381975.125,27251334551236.62,151.0,162.0,507.75,744.0,717.7083333333334,359.5221920789066,904.75,1195.1000000000004,1640.0,1.0,1.0,1.0,1.0,1.0,0.0,1.0,1.0,1.0,100.0,100.0,100.0,100.0,100.0,0.0,100.0,100.0,100.0,0.0,0.0,0.0,0.0,0.0,0.0,0.0,0.0,0.0
92,27251334551236.62,27.25134784123762,25.71428571428571,27.25134784123762,13.289999999999761,0,1,275.43031915415486,1329,27251334.551236622,"[0.0, 27.25134784123762, -13.289999999999761, -1.0]",0.1,0.25,immediate,1,0,1.0,1.0,0,48,48,0,0,48,0,48,0,48,0,344.36999999999483,16937.069999999832,34437,1693707,11.78999170003226,560.8584900000133,14.749829215556323,13.333333333333334,14.749829215556323,14749822.041180322,7.174374999999892,1.0,100.0,0.0,,,,,,,,3.7359128679547995,4.248517172677176,10.113747460501534,16.062017168317524,14.749829215556323,6.567788129847413,20.112312861851283,20.844211850847522,27.25134784123762,2.857142857142857,2.857142857142857,8.571428571428571,14.285714285714285,13.333333333333334,6.734350297014738,20.0,20.0,25.71428571428571,3.7359128679547995,4.248517172677176,10.113747460501534,16.062017168317524,14.749829215556323,6.567788129847413,20.112312861851283,20.844211850847522,27.25134784123762,1.5100000000000011,1.6970000000000014,4.302499999999952,7.854999999999877,7.174374999999892,3.407964877954957,8.877499999999856,10.64099999999982,16.399999999999764,28.43967843800783,33.91885398477316,100.62687579533667,149.0553516458276,141.64946520778236,66.14886596295428,192.8320362329032,200.2788606111193,280.53960382335936,3735911.3579537994,4248515.475676176,10113741.368000533,16062009.748316523,14749822.041180322,6567785.104919753,20112303.569350284,20844201.444846522,27251334.551236622,3735911357953.7993,4248515475676.1763,10113741368000.533,16062009748316.523,14749822041180.32,6567785104919.753,20112303569350.28,20844201444846.52,27251334551236.62,151.0,169.7,430.25,785.5,717.4375,340.7964877955024,887.75,1064.1000000000004,1640.0,1.0,1.0,1.0,1.0,1.0,0.0,1.0,1.0,1.0,100.0,100.0,100.0,100.0,100.0,0.0,100.0,100.0,100.0,0.0,0.0,0.0,0.0,0.0,0.0,0.0,0.0,0.0
93,27251334551236.62,27.25134784123762,25.71428571428571,27.25134784123762,13.289999999999761,0,1,275.43031915415486,1329,27251334.551236622,"[0.0, 27.25134784123762, -13.289999999999761, -1.0]",0.1,0.25,immediate,1,0,1.0,1.0,0,48,48,0,0,48,0,48,0,48,0,364.0099999999944,17301.079999999827,36401,1730108,12.59856569999829,573.5320549999597,15.07235171645381,13.57142857142857,15.07235171645381,15072344.13291114,7.583541666666551,1.0,100.0,0.0,,,,,,,,4.29725102015904,9.177694593157087,10.229796682085311,13.773700169154576,15.07235171645381,5.925995684049503,19.854991776602606,21.46759605407715,27.25134784123762,2.857142857142857,8.571428571428571,8.571428571428571,11.428571428571429,13.57142857142857,6.0186784094116845,17.857142857142858,20.0,25.71428571428571,4.29725102015904,9.177694593157087,10.229796682085311,13.773700169154576,15.07235171645381,5.925995684049503,19.854991776602606,21.46759605407715,27.25134784123762,1.7100000000000013,3.3449999999999727,5.409999999999929,7.9699999999998745,7.583541666666551,3.291326663611011,9.13999999999985,10.93399999999982,16.399999999999764,34.451481223106384,90.7302841942801,103.92676942050457,141.4879491960055,150.64268873508308,58.72192848489084,194.9385900771049,201.60573540669068,280.53960382335936,4297249.31015804,9177687.049156087,10229793.28458431,13773690.399153577,15072344.13291114,5925993.095522577,19854982.861601606,21467587.31807615,27251334.551236622,4297249310158.04,9177687049156.086,10229793284584.31,13773690399153.578,15072344132911.143,5925993095522.576,19854982861601.605,21467587318076.15,27251334551236.62,171.0,334.5,541.0,797.0,758.3541666666666,329.1326663611076,914.0,1093.4000000000008,1640.0,1.0,1.0,1.0,1.0,1.0,0.0,1.0,1.0,1.0,100.0,100.0,100.0,100.0,100.0,0.0,100.0,100.0,100.0,0.0,0.0,0.0,0.0,0.0,0.0,0.0,0.0,0.0
94,27251334551236.62,27.25134784123762,25.71428571428571,27.25134784123762,13.289999999999761,0,1,275.43031915415486,1329,27251334.551236622,"[0.0, 27.25134784123762, -13.289999999999761, -1.0]",0.1,0.25,immediate,1,0,1.0,1.0,0,48,48,0,0,48,0,48,0,48,0,362.7599999999945,17663.839999999822,36276,1766384,12.697135300026275,586.2996796999942,15.64479485130587,14.166666666666666,15.64479485130587,15644787.293804869,7.557499999999885,1.0,100.0,0.0,,,,,,,,2.159015110560826,9.323402677263532,11.075919696262906,15.877205984933036,15.64479485130587,5.828903431398662,20.04706518990653,20.90371186392648,27.25134784123762,0.0,8.571428571428571,8.571428571428571,14.285714285714285,14.166666666666666,5.974957186347431,20.0,20.0,25.71428571428571,2.159015110560826,9.323402677263532,11.075919696262906,15.877205984933036,15.64479485130587,5.828903431398662,20.04706518990653,20.90371186392648,27.25134784123762,1.480000000000001,3.319999999999973,6.709999999999901,7.559999999999883,7.557499999999885,3.077332787225483,9.334999999999845,10.612999999999822,16.399999999999764,9.218761883748812,94.84922156557441,119.33560486324131,151.02838424484798,153.72432176535207,60.43237553423997,194.09999532648544,203.4601376458464,291.573608569357,2159010.100559826,9323396.750262532,11075913.718761906,15877198.424932037,15644787.293804869,5828900.864184009,20047056.52490553,20903703.59192548,27251334.551236622,2159010100559.826,9323396750262.533,11075913718761.906,15877198424932.035,15644787293804.87,5828900864184.009,20047056524905.53,20903703591925.48,27251334551236.62,148.0,332.0,671.0,756.0,755.75,307.73327872255436,933.5,1061.3000000000004,1640.0,1.0,1.0,1.0,1.0,1.0,0.0,1.0,1.0,1.0,100.0,100.0,100.0,100.0,100.0,0.0,100.0,100.0,100.0,0.0,0.0,0.0,0.0,0.0,0.0,0.0,0.0,0.0
95,27251334551236.62,27.25134784123762,25.71428571428571,27.25134784123762,13.289999999999761,0,1,275.43031915415486,1329,27251334.551236622,"[0.0, 27.25134784123762, -13.289999999999761, -1.0]",0.1,0.25,immediate,1,0,1.0,1.0,0,48,48,0,0,48,0,48,0,48,0,367.22999999999433,18031.069999999818,36723,1803107,12.505679800000507,598.8845900999731,14.456421780563483,13.035714285714285,14.456421780563483,14456414.129937485,7.650624999999882,1.0,100.0,0.0,,,,,,,,3.8206263950892856,4.231174468994141,9.70623356955392,14.371373312813896,14.456421780563483,6.553850322002588,20.26332446507045,21.014944893973215,27.25134784123762,2.857142857142857,2.857142857142857,8.571428571428571,14.285714285714285,13.035714285714285,6.6982140476825185,20.0,20.0,25.71428571428571,3.8206263950892856,4.231174468994141,9.70623356955392,14.371373312813896,14.456421780563483,6.553850322002588,20.26332446507045,21.014944893973215,27.25134784123762,1.5400000000000011,1.6870000000000014,6.312499999999909,7.169999999999892,7.650624999999882,3.3482174400778137,9.349999999999845,11.5159999999998,16.399999999999764,29.3105326294899,33.735794574767354,99.93486897138428,145.30685498565435,143.10720872032607,65.07026721346283,194.46666213874414,209.30908369290046,280.53960382335936,3820624.8550882856,4231172.7819931405,9706226.86955292,14371367.312812895,14456414.129937485,6553847.518850044,20263315.84506945,21014935.27297222,27251334.551236622,3820624855088.2856,4231172781993.1406,9706226869552.92,14371367312812.895,14456414129937.484,6553847518850.044,20263315845069.45,21014935272972.215,27251334551236.62,154.0,168.7,631.25,717.0,765.0625,334.8217440077879,935.0,1151.6000000000001,1640.0,1.0,1.0,1.0,1.0,1.0,0.0,1.0,1.0,1.0,100.0,100.0,100.0,100.0,100.0,0.0,100.0,100.0,100.0,0.0,0.0,0.0,0.0,0.0,0.0,0.0,0.0,0.0
96,27251334551236.62,27.25134784123762,25.71428571428571,27.25134784123762,13.289999999999761,0,1,275.43031915415486,1329,27251334.551236622,"[0.0, 27.25134784123762, -13.289999999999761, -1.0]",0.1,0.25,immediate,1,0,1.0,1.0,0,48,48,0,0,48,0,48,0,48,0,381.21999999999406,18412.28999999981,38122,1841229,13.409180899965577,612.3639807999716,15.11719411779068,13.511904761904761,15.11719411779068,15117186.175706347,7.942083333333209,1.0,100.0,0.0,,,,,,,,3.843182155064174,7.400710514613561,10.248331342424663,15.028258732386998,15.11719411779068,6.410952255816933,20.186490331377303,22.61332399531235,27.25134784123762,2.857142857142857,4.857142857142858,8.571428571428571,14.285714285714285,13.511904761904761,6.408423010969885,20.0,20.85714285714287,25.71428571428571,3.843182155064174,7.400710514613561,10.248331342424663,15.028258732386998,15.11719411779068,6.410952255816933,20.186490331377303,22.61332399531235,27.25134784123762,1.5500000000000012,5.195999999999934,6.502499999999905,7.904999999999876,7.942083333333209,2.5875430417783,9.267499999999847,11.12299999999981,16.399999999999764,29.602933816611767,73.2881777282746,102.67378443419148,142.93333462694136,149.32261476052614,63.164061165145704,193.41247959356951,219.08437717033107,280.53960382335936,3843180.605063174,7400705.45361256,10248324.717423663,15028252.407385997,15117186.175706347,6410950.29825052,20186480.951376304,22613314.77631135,27251334.551236622,3843180605063.174,7400705453612.561,10248324717423.664,15028252407385.998,15117186175706.344,6410950298250.52,20186480951376.305,22613314776311.35,27251334551236.62,155.0,519.6,650.25,790.5,794.2083333333334,258.75430417783497,926.75,1112.3000000000002,1640.0,1.0,1.0,1.0,1.0,1.0,0.0,1.0,1.0,1.0,100.0,100.0,100.0,100.0,100.0,0.0,100.0,100.0,100.0,0.0,0.0,0.0,0.0,0.0,0.0,0.0,0.0,0.0
97,27251334551236.62,27.25134784123762,25.71428571428571,27.25134784123762,13.289999999999761,0,1,275.43031915415486,1329,27251334.551236622,"[0.0, 27.25134784123762, -13.289999999999761, -1.0]",0.1,0.25,immediate,1,0,1.0,1.0,0,48,48,0,0,48,0,48,0,48,0,372.4599999999949,18784.749999999807,37246,1878475,13.14836110000033,625.5857614999986,14.479919211985994,12.916666666666666,14.479919211985994,14479911.452401662,7.759583333333228,1.0,100.0,0.0,,,,,,,,3.5427583966936385,8.612001691545759,9.93795735495431,11.483376366751534,14.479919211985994,6.414853773266479,20.216567856924875,22.886795861380456,27.25134784123762,2.857142857142857,7.714285714285714,8.571428571428571,10.0,12.916666666666666,6.494099449838991,20.0,20.85714285714287,25.71428571428571,3.5427583966936385,8.612001691545759,9.93795735495431,11.483376366751534,14.479919211985994,6.414853773266479,20.216567856924875,22.886795861380456,27.25134784123762,1.440000000000001,3.422999999999971,6.127499999999914,7.634999999999882,7.759583333333228,3.62151036535707,8.829999999999856,12.449999999999784,19.8300000000003,26.45112754404545,79.80637424591842,100.91867590994661,130.22791788261384,145.06069809497617,64.77660842495179,194.04546319095607,226.34530188835512,286.96081631171546,3542756.956692639,8611995.564544758,9937952.847453311,11483369.086750533,14479911.452401662,6414851.243510874,20216558.574423876,22886785.878379457,27251334.551236622,3542756956692.6387,8611995564544.759,9937952847453.31,11483369086750.535,14479911452401.662,6414851243510.875,20216558574423.875,22886785878379.457,27251334551236.62,144.0,342.3,612.75,763.5,775.9583333333334,362.15103653570964,883.0,1245.0000000000005,1983.0,1.0,1.0,1.0,1.0,1.0,0.0,1.0,1.0,1.0,100.0,100.0,100.0,100.0,100.0,0.0,100.0,100.0,100.0,0.0,0.0,0.0,0.0,0.0,0.0,0.0,0.0,0.0
98,27251334551236.62,27.25134784123762,25.71428571428571,27.25134784123762,13.289999999999761,0,1,275.43031915415486,1329,27251334.551236622,"[0.0, 27.25134784123762, -13.289999999999761, -1.0]",0.1,0.25,immediate,1,0,1.0,1.0,0,48,48,0,0,48,0,48,0,48,0,354.60999999999456,19139.3599999998,35461,1913936,12.457727800006978,638.1152141999919,15.162008633794258,13.988095238095235,15.162008633794258,15162001.246084923,7.38770833333322,1.0,100.0,0.0,,,,,,,,2.849339076450893,7.756862912859236,10.17225878579276,16.07724870954241,15.162008633794258,6.211559389177853,20.269664355686732,20.818911416190012,27.25134784123762,0.0,6.857142857142858,8.571428571428571,14.285714285714285,13.988095238095235,6.474428594368986,20.0,20.0,25.71428571428571,2.849339076450893,7.756862912859236,10.17225878579276,16.07724870954241,15.162008633794258,6.211559389177853,20.269664355686732,20.818911416190012,27.25134784123762,1.5900000000000012,2.8299999999999836,6.4024999999999075,8.20499999999987,7.38770833333322,2.983422419235474,9.16499999999985,9.512999999999842,14.349999999999739,19.556668482720852,70.5282422117889,110.44532548429561,152.04369775280065,150.14446451512381,60.245526521667486,197.08333574884819,200.22031600020273,286.96081631171546,2849336.9364498924,7756856.124858237,10172255.453291759,16077241.25454141,15162001.246084923,6211556.966345817,20269655.05318573,20818901.37518901,27251334.551236622,2849336936449.8926,7756856124858.237,10172255453291.758,16077241254541.41,15162001246084.924,6211556966345.816,20269655053185.734,20818901375189.01,27251334551236.62,159.0,283.0,640.25,820.5,738.7708333333334,298.3422419235536,916.5,951.3000000000001,1435.0,1.0,1.0,1.0,1.0,1.0,0.0,1.0,1.0,1.0,100.0,100.0,100.0,100.0,100.0,0.0,100.0,100.0,100.0,0.0,0.0,0.0,0.0,0.0,0.0,0.0,0.0,0.0
99,32440572178160.938,32.44059812816194,31.428571428571427,32.44059812816194,25.950000000001257,0,1,359.094944206372,2595,32440572.178160936,"[0.0, 32.44059812816194, -25.950000000001257, -1.0]",0.1,0.25,immediate,1,0,1.0,1.0,0,48,48,0,0,48,0,47,1,47,1,401.1499999999978,19540.5099999998,40115,1954051,14.841626100009307,653.0259525000001,15.55089439398761,14.226190476190476,15.55089439398761,15550886.036694964,8.35729166666662,1.0,100.0,0.0,,,,,,,,3.7333352225167413,8.988730294363839,10.037830897739955,15.720024108886719,15.55089439398761,6.486438888343276,20.460848127092632,21.289867673601425,32.44059812816194,2.857142857142857,8.571428571428571,8.571428571428571,14.285714285714285,14.226190476190476,6.58511988158722,20.0,20.0,31.428571428571427,3.7333352225167413,8.988730294363839,10.037830897739955,15.720024108886719,15.55089439398761,6.486438888343276,20.460848127092632,21.289867673601425,32.44059812816194,1.5100000000000011,3.4049999999999714,6.639999999999903,8.079999999999872,8.35729166666662,4.894064321359063,9.027499999999852,11.036999999999813,30.00000000000189,28.439806178212166,97.58252136558295,109.71517321130523,150.84620095526043,158.31438647323253,63.586430223749105,192.5646866410425,210.41751868507794,359.094944206372,3733333.712515741,8988724.127362838,10037823.380238954,15720017.273885718,15550886.036694964,6486436.249783726,20460839.534591634,21289858.569600422,32440572.178160936,3733333712515.741,8988724127362.838,10037823380238.955,15720017273885.719,15550886036694.963,6486436249783.726,20460839534591.633,21289858569600.42,32440572178160.938,151.0,340.5,664.0,808.0,835.7291666666666,489.40643213588055,902.75,1103.7000000000003,3000.0,1.0,1.0,1.0,1.0,1.0,0.0,1.0,1.0,1.0,100.0,100.0,100.0,100.0,100.0,0.0,100.0,100.0,100.0,0.0,0.0,0.0,0.0,0.0,0.0,0.0,0.0,0.0
100,32440572178160.938,32.44059812816194,31.428571428571427,32.44059812816194,25.950000000001257,0,1,359.094944206372,2595,32440572.178160936,"[0.0, 32.44059812816194, -25.950000000001257, -1.0]",0.1,0.25,immediate,1,0,1.0,1.0,0,48,48,0,0,48,0,48,0,48,0,403.6599999999953,19944.169999999795,40366,1994417,14.221235400007572,667.3147024000064,16.250964900117967,14.761904761904761,16.250964900117967,16250956.490533635,8.409583333333236,1.0,100.0,0.0,,,,,,,,8.513834817068917,9.454376220703125,10.974208968026298,16.54641832624163,16.250964900117967,5.836050276891715,20.69206987108503,21.16027886526925,32.44059812816194,5.714285714285714,8.571428571428571,8.571428571428571,14.285714285714285,14.761904761904761,6.208764195431094,20.0,20.0,31.428571428571427,8.513834817068917,9.454376220703125,10.974208968026298,16.54641832624163,16.250964900117967,5.836050276891715,20.69206987108503,21.16027886526925,32.44059812816194,3.319999999999973,6.470999999999907,6.7749999999999,8.069999999999872,8.409583333333236,3.346078524639906,9.187499999999849,10.39899999999983,25.950000000001257,81.49891065681732,96.62017748509243,107.4863665549201,150.68540209540515,159.58721129871537,57.17435619268509,194.41390123265774,201.81412562431942,359.094944206372,8513826.747067917,9454368.056702126,10974203.195525298,16546411.506240625,16250956.490533635,5836048.055219756,20692061.31358403,21160269.67726825,32440572.178160936,8513826747067.917,9454368056702.125,10974203195525.297,16546411506240.625,16250956490533.635,5836048055219.757,20692061313584.027,21160269677268.25,32440572178160.938,332.0,647.1,677.5,807.0,840.9583333333334,334.6078524639784,918.75,1039.9000000000008,2595.0,1.0,1.0,1.0,1.0,1.0,0.0,1.0,1.0,1.0,100.0,100.0,100.0,100.0,100.0,0.0,100.0,100.0,100.0,0.0,0.0,0.0,0.0,0.0,0.0,0.0,0.0,0.0
101,32440572178160.938,32.44059812816194,31.428571428571427,32.44059812816194,25.950000000001257,0,1,359.094944206372,2595,32440572.178160936,"[0.0, 32.44059812816194, -25.950000000001257, -1.0]",0.1,0.25,immediate,1,0,1.0,1.0,0,48,48,0,0,48,0,48,0,48,0,373.2499999999959,20317.41999999979,37325,2031742,12.779710599977989,680.1623088999768,14.550901565931623,12.916666666666666,14.550901565931623,14550893.789888956,7.776041666666582,1.0,100.0,0.0,,,,,,,,3.7098312377929688,9.123444693429128,10.401311601911273,12.366997855050224,14.550901565931623,6.203522841698808,20.108382361275808,21.100890568324502,32.44059812816194,2.857142857142857,8.571428571428571,8.571428571428571,11.428571428571429,12.916666666666666,6.335022599633601,20.0,20.0,31.428571428571427,3.7098312377929688,9.123444693429128,10.401311601911273,12.366997855050224,14.550901565931623,6.203522841698808,20.108382361275808,21.100890568324502,32.44059812816194,1.7500000000000013,3.5719999999999676,5.897499999999919,7.484999999999885,7.776041666666582,3.8516120756895975,9.192499999999848,10.603999999999827,25.950000000001257,35.711733654141426,91.4190057658474,102.36985059759172,131.64693224177608,143.44528701063655,62.27932271195865,190.70811491695713,201.10513344423237,359.094944206372,3709827.1277919686,9123437.70642813,10401306.646910273,12366991.915049225,14550893.789888956,6203519.944410952,20108373.69627481,21100881.776323505,32440572.178160936,3709827127791.9688,9123437706428.129,10401306646910.273,12366991915049.223,14550893789888.955,6203519944410.952,20108373696274.81,21100881776323.504,32440572178160.938,175.0,357.2,589.75,748.5,777.6041666666666,385.16120756895054,919.25,1060.4000000000008,2595.0,1.0,1.0,1.0,1.0,1.0,0.0,1.0,1.0,1.0,100.0,100.0,100.0,100.0,100.0,0.0,100.0,100.0,100.0,0.0,0.0,0.0,0.0,0.0,0.0,0.0,0.0,0.0
102,32440572178160.938,32.44059812816194,31.428571428571427,32.44059812816194,25.950000000001257,0,1,359.094944206372,2595,32440572.178160936,"[0.0, 32.44059812816194, -25.950000000001257, -1.0]",0.1,0.25,immediate,1,0,1.0,1.0,0,48,48,0,0,48,0,47,1,47,1,396.72999999999786,20714.14999999979,39673,2071415,15.556428400042932,695.7864414000069,15.616820650405058,13.988095238095235,15.616820650405058,15616812.385195741,8.26520833333329,1.0,100.0,0.0,,,,,,,,3.949236188616071,7.845129558018277,10.23289680480957,16.716831752232142,15.616820650405058,6.830710659362568,20.481662750244144,21.061686652047293,32.44059812816194,2.857142857142857,6.857142857142858,8.571428571428571,14.285714285714285,13.988095238095235,6.98003916264215,20.0,20.0,31.428571428571427,3.949236188616071,7.845129558018277,10.23289680480957,16.716831752232142,15.616820650405058,6.830710659362568,20.481662750244144,21.061686652047293,32.44059812816194,1.6000000000000012,3.3009999999999735,6.532499999999905,7.794999999999878,8.26520833333329,4.995245234880838,9.07249999999985,11.376999999999805,30.00000000000189,30.70869816094637,65.76945038071062,97.67252383893356,149.45929624299606,151.50220655671123,71.29319974368197,192.1596704728363,205.43675636747435,359.094944206372,3949234.5886150715,7845123.784017276,10232892.054808572,16716822.292231143,15616812.385195741,6830706.633402062,20481654.31024314,21061676.907046292,32440572.178160936,3949234588615.0713,7845123784017.276,10232892054808.57,16716822292231.143,15616812385195.744,6830706633402.062,20481654310243.145,21061676907046.293,32440572178160.938,160.0,330.1,653.25,779.5,826.5208333333334,499.5245234880588,907.25,1137.7000000000005,3000.0,1.0,1.0,1.0,1.0,1.0,0.0,1.0,1.0,1.0,100.0,100.0,100.0,100.0,100.0,0.0,100.0,100.0,100.0,0.0,0.0,0.0,0.0,0.0,0.0,0.0,0.0,0.0
103,32440572178160.938,32.44059812816194,31.428571428571427,32.44059812816194,25.950000000001257,0,1,359.094944206372,2595,32440572.178160936,"[0.0, 32.44059812816194, -25.950000000001257, -1.0]",0.1,0.25,immediate,1,0,1.0,1.0,0,48,48,0,0,48,0,45,3,45,3,457.1000000000022,21171.249999999793,45710,2117125,14.282818100007717,710.1381849999889,16.227255234424163,14.88095238095238,16.227255234424163,16227245.711506559,9.522916666666712,1.0,100.0,0.0,,,,,,,,4.183523995535714,5.353814806256976,10.709639276776995,17.846381323678152,16.227255234424163,7.207060306742903,20.898947715759277,21.549603870936803,32.44059812816194,2.857142857142857,2.857142857142857,8.571428571428571,15.714285714285714,14.88095238095238,7.5583519901666545,20.0,20.0,31.428571428571427,4.183523995535714,5.353814806256976,10.709639276776995,17.846381323678152,16.227255234424163,7.207060306742903,20.898947715759277,21.549603870936803,32.44059812816194,1.6700000000000013,2.8109999999999844,6.502499999999905,8.374999999999865,9.522916666666712,6.723378664014703,9.60499999999984,15.76699999999992,30.00000000000189,33.21046405285597,46.43995148912072,99.85372098970402,170.23512163698615,157.66399495744827,75.7746435588812,193.15973731689155,210.09782835115914,359.094944206372,4183522.3255347144,5353811.537255975,10709632.059275994,17846371.473677155,16227245.711506559,7207055.698682512,20898939.508258276,21549593.438935805,32440572.178160936,4183522325534.7144,5353811537255.976,10709632059275.996,17846371473677.156,16227245711506.56,7207055698682.513,20898939508258.277,21549593438935.805,32440572178160.938,167.0,281.1,650.25,837.5,952.2916666666666,672.3378664014264,960.5,1576.7000000000023,3000.0,1.0,1.0,1.0,1.0,1.0,0.0,1.0,1.0,1.0,100.0,100.0,100.0,100.0,100.0,0.0,100.0,100.0,100.0,0.0,0.0,0.0,0.0,0.0,0.0,0.0,0.0,0.0
104,32440572178160.938,32.44059812816194,31.428571428571427,32.44059812816194,25.950000000001257,0,1,359.094944206372,2595,32440572.178160936,"[0.0, 32.44059812816194, -25.950000000001257, -1.0]",0.1,0.25,immediate,1,0,1.0,1.0,0,48,48,0,0,48,0,47,1,47,1,439.66999999999905,21610.91999999979,43967,2161092,14.100878199969884,724.3116019999725,15.978859840061313,14.583333333333334,15.978859840061313,15978850.680268666,9.159791666666647,1.0,100.0,0.0,,,,,,,,3.9540045601981024,9.157911028180804,10.8844450541905,14.158684866768972,15.978859840061313,7.183107471119375,20.984596524919784,25.63027613276505,32.44059812816194,2.857142857142857,8.571428571428571,8.571428571428571,11.428571428571429,14.583333333333334,7.289905035012537,20.0,23.714285714285726,31.428571428571427,3.9540045601981024,9.157911028180804,10.8844450541905,14.158684866768972,15.978859840061313,7.183107471119375,20.984596524919784,25.63027613276505,32.44059812816194,1.5900000000000012,3.8609999999999616,6.662499999999902,7.7849999999998785,9.159791666666647,5.66865706082727,10.442499999999821,14.930999999999875,30.00000000000189,30.785643868148327,84.13473449900194,104.71539592310728,137.69459015745088,157.11564295823473,76.8469167928987,199.48829191799814,244.78103239983272,359.094944206372,3954002.9701971025,9157903.366179805,10884437.1391895,14158680.351767972,15978850.680268666,7183102.963384778,20984587.142418787,25630261.32076405,32440572.178160936,3954002970197.1025,9157903366179.805,10884437139189.5,14158680351767.973,15978850680268.666,7183102963384.779,20984587142418.785,25630261320764.05,32440572178160.938,159.0,386.1,666.25,778.5,915.9791666666666,566.8657060827009,1044.25,1493.1000000000022,3000.0,1.0,1.0,1.0,1.0,1.0,0.0,1.0,1.0,1.0,100.0,100.0,100.0,100.0,100.0,0.0,100.0,100.0,100.0,0.0,0.0,0.0,0.0,0.0,0.0,0.0,0.0,0.0
105,32440572178160.938,32.44059812816194,31.428571428571427,32.44059812816194,25.950000000001257,0,1,359.094944206372,2595,32440572.178160936,"[0.0, 32.44059812816194, -25.950000000001257, -1.0]",0.1,0.25,immediate,1,0,1.0,1.0,0,48,48,0,0,48,0,48,0,48,0,396.9099999999979,22007.829999999787,39691,2200783,12.633787599974312,737.0227846999769,15.558940965976712,13.988095238095239,15.558940965976712,15558932.697017377,8.26895833333329,1.0,100.0,0.0,,,,,,,,2.9814202444893976,9.03431156703404,10.95454147883824,14.262447357177734,15.558940965976712,6.909479096460654,20.357650348118373,25.9611345235914,32.44059812816194,2.857142857142857,7.714285714285714,8.571428571428571,11.428571428571429,13.988095238095239,7.100818754490708,20.0,23.714285714285726,31.428571428571427,2.9814202444893976,9.03431156703404,10.95454147883824,14.262447357177734,15.558940965976712,6.909479096460654,20.357650348118373,25.9611345235914,32.44059812816194,1.7700000000000014,3.8859999999999615,4.43749999999995,7.009999999999895,8.26895833333329,5.146990722574249,9.337499999999846,14.879999999999763,25.950000000001257,20.793667294085026,88.65505538838916,101.99188939010128,136.4772129803896,153.76188264887438,73.36685330610493,190.7551076341806,263.93424741553173,359.094944206372,2981418.4744883976,9034300.33403304,10954534.82383724,14262442.982176736,15558932.697017377,6909475.213084419,20357640.275617376,25961120.858590398,32440572.178160936,2981418474488.3975,9034300334033.041,10954534823837.238,14262442982176.734,15558932697017.38,6909475213084.42,20357640275617.375,25961120858590.4,32440572178160.938,177.0,388.6,443.75,701.0,826.8958333333334,514.6990722574103,933.75,1488.000000000001,2595.0,1.0,1.0,1.0,1.0,1.0,0.0,1.0,1.0,1.0,100.0,100.0,100.0,100.0,100.0,0.0,100.0,100.0,100.0,0.0,0.0,0.0,0.0,0.0,0.0,0.0,0.0,0.0
106,32440572178160.938,32.44059812816194,31.428571428571427,32.44059812816194,25.950000000001257,0,1,359.094944206372,2595,32440572.178160936,"[0.0, 32.44059812816194, -25.950000000001257, -1.0]",0.1,0.25,immediate,1,0,1.0,1.0,0,48,48,0,0,48,0,48,0,48,0,386.9099999999968,22394.739999999783,38691,2239474,11.780002399988007,748.8688688999973,15.934622622043833,14.464285714285714,15.934622622043833,15934614.561417833,8.060624999999932,1.0,100.0,0.0,,,,,,,,3.0368750435965404,8.045763288225448,10.37306581224714,15.557441711425781,15.934622622043833,7.148404376555661,20.307336534772602,25.71428571428571,32.44059812816194,2.857142857142857,5.714285714285714,8.571428571428571,14.285714285714285,14.464285714285714,7.247008531322509,20.0,22.857142857142858,31.428571428571427,3.0368750435965404,8.045763288225448,10.37306581224714,15.557441711425781,15.934622622043833,7.148404376555661,20.307336534772602,25.71428571428571,32.44059812816194,1.440000000000001,3.2609999999999744,4.267499999999954,7.899999999999876,8.060624999999932,4.777103989452452,9.027499999999852,14.505999999999737,25.950000000001257,21.30953639220388,82.60487350983021,102.41965337842703,142.76533267090417,157.07645395547192,75.63391568395971,195.52014501647136,251.50899036813064,359.094944206372,3036871.5335955406,8045754.5262244465,10373061.32224614,15557435.08142478,15934614.561417833,7148400.2412895635,20307326.8372716,25714270.96028471,32440572.178160936,3036871533595.5405,8045754526224.447,10373061322246.139,15557435081424.781,15934614561417.834,7148400241289.563,20307326837271.6,25714270960284.71,32440572178160.938,144.0,326.1,426.75,790.0,806.0625,477.71039894523614,902.75,1450.6000000000004,2595.0,1.0,1.0,1.0,1.0,1.0,0.0,1.0,1.0,1.0,100.0,100.0,100.0,100.0,100.0,0.0,100.0,100.0,100.0,0.0,0.0,0.0,0.0,0.0,0.0,0.0,0.0,0.0
107,32440572178160.938,32.44059812816194,31.428571428571427,32.44059812816194,25.950000000001257,0,1,359.094944206372,2595,32440572.178160936,"[0.0, 32.44059812816194, -25.950000000001257, -1.0]",0.1,0.25,immediate,1,0,1.0,1.0,0,48,48,0,0,48,0,46,2,46,2,443.0100000000008,22837.749999999785,44301,2283775,14.379308999981731,763.3265853999765,16.530033225815433,15.0,16.530033225815433,16530023.996439474,9.229375000000017,1.0,100.0,0.0,,,,,,,,3.6254773821149557,10.44875008719308,11.428391592843191,16.164654323032924,16.530033225815433,6.568838766609978,20.45922074999128,22.804124901601764,32.44059812816194,2.857142857142857,8.571428571428571,10.714285714285715,14.285714285714285,15.0,6.713272466605563,20.0,21.714285714285737,31.428571428571427,3.6254773821149557,10.44875008719308,11.428391592843191,16.164654323032924,16.530033225815433,6.568838766609978,20.45922074999128,22.804124901601764,32.44059812816194,1.470000000000001,3.5419999999999683,6.529999999999905,8.24499999999987,9.229375000000017,6.300246161279155,9.364999999999846,17.913000000000007,30.00000000000189,27.296000078320503,98.80846611054149,110.44864330683777,164.18384988643083,165.3954203331747,72.11133743429173,197.94860168231935,222.23360223392464,369.08069619492016,3625475.9121139557,10448744.20319208,11428379.007842442,16164647.088031925,16530023.996439474,6568835.810055,20459211.95749028,22804113.539600763,32440572.178160936,3625475912113.9556,10448744203192.08,11428379007842.441,16164647088031.924,16530023996439.475,6568835810055.0,20459211957490.28,22804113539600.766,32440572178160.938,147.0,354.2,653.0,824.5,922.9375,630.0246161278806,936.5,1791.3000000000006,3000.0,1.0,1.0,1.0,1.0,1.0,0.0,1.0,1.0,1.0,100.0,100.0,100.0,100.0,100.0,0.0,100.0,100.0,100.0,0.0,0.0,0.0,0.0,0.0,0.0,0.0,0.0,0.0
108,32440572178160.938,32.44059812816194,31.428571428571427,32.44059812816194,25.950000000001257,0,1,359.094944206372,2595,32440572.178160936,"[0.0, 32.44059812816194, -25.950000000001257, -1.0]",0.1,0.25,immediate,1,0,1.0,1.0,0,48,48,0,0,48,0,48,0,48,0,381.53999999999695,23219.289999999783,38154,2321929,13.055883000022732,776.4546609999961,15.083152013758465,13.69047619047619,15.083152013758465,15083144.065007465,7.9487499999999365,1.0,100.0,0.0,,,,,,,,3.8991056169782365,5.000009264264788,9.660380227225168,13.435851505824498,15.083152013758465,7.753462215766685,20.50912584577288,25.71428571428571,32.44059812816194,2.857142857142857,2.857142857142857,8.571428571428571,11.428571428571429,13.69047619047619,8.05926882905372,20.0,25.71428571428571,31.428571428571427,3.8991056169782365,5.000009264264788,9.660380227225168,13.435851505824498,15.083152013758465,7.753462215766685,20.50912584577288,25.71428571428571,32.44059812816194,1.5700000000000012,1.9590000000000003,4.379999999999951,7.744999999999879,7.9487499999999365,4.982770575108537,9.317499999999846,14.055999999999752,25.950000000001257,30.192005299031734,42.77062117233873,97.33479472436011,143.34381147609747,153.09280353827535,81.26640863519975,195.50352041123915,262.4149184532216,359.094944206372,3899104.0469772364,5000007.3052637875,9660373.319724169,13435845.815823497,15083144.065007465,7753457.927013836,20509117.660771877,25714270.97028471,32440572.178160936,3899104046977.2363,5000007305263.788,9660373319724.168,13435845815823.496,15083144065007.467,7753457927013.836,20509117660771.88,25714270970284.71,32440572178160.938,157.0,195.9,438.0,774.5,794.875,498.27705751084574,931.75,1405.6000000000008,2595.0,1.0,1.0,1.0,1.0,1.0,0.0,1.0,1.0,1.0,100.0,100.0,100.0,100.0,100.0,0.0,100.0,100.0,100.0,0.0,0.0,0.0,0.0,0.0,0.0,0.0,0.0,0.0
109,32440572178160.938,32.44059812816194,31.428571428571427,32.44059812816194,25.950000000001257,0,1,359.094944206372,2595,32440572.178160936,"[0.0, 32.44059812816194, -25.950000000001257, -1.0]",0.1,0.25,immediate,1,0,1.0,1.0,0,48,48,0,0,48,0,48,0,48,0,376.49999999999756,23595.78999999978,37650,2359579,12.260866600030567,788.7838875000016,14.786539162609666,13.273809523809524,14.786539162609666,14786531.318858668,7.843749999999949,1.0,100.0,0.0,,,,,,,,3.6005129132952005,5.1804994855608255,9.195426532200404,14.714358193533762,14.786539162609666,7.733107715379921,20.52018506186349,25.71428571428571,32.44059812816194,2.857142857142857,2.857142857142857,8.571428571428571,14.285714285714285,13.273809523809524,7.813506171035335,20.0,22.857142857142858,31.428571428571427,3.6005129132952005,5.1804994855608255,9.195426532200404,14.714358193533762,14.786539162609666,7.733107715379921,20.52018506186349,25.71428571428571,32.44059812816194,1.5400000000000011,2.1439999999999984,4.347499999999952,7.284999999999889,7.843749999999949,5.093821676387421,8.924999999999855,13.592999999999758,25.950000000001257,29.310306139290333,48.958371188623275,98.93912977780928,138.33848115818182,147.68484429722335,80.43286842098624,198.57007300396617,257.7833382337929,359.094944206372,3600508.5632942007,5180497.478559826,9195419.257199405,14714353.503532762,14786531.318858668,7733103.300632997,20520176.224362493,25714271.757284712,32440572.178160936,3600508563294.2007,5180497478559.825,9195419257199.406,14714353503532.762,14786531318858.67,7733103300632.997,20520176224362.492,25714271757284.71,32440572178160.938,154.0,214.4,434.75,728.5,784.375,509.3821676387321,892.5,1359.3000000000004,2595.0,1.0,1.0,1.0,1.0,1.0,0.0,1.0,1.0,1.0,100.0,100.0,100.0,100.0,100.0,0.0,100.0,100.0,100.0,0.0,0.0,0.0,0.0,0.0,0.0,0.0,0.0,0.0
110,32440572178160.938,32.44059812816194,31.428571428571427,32.44059812816194,25.950000000001257,0,1,359.094944206372,2595,32440572.178160936,"[0.0, 32.44059812816194, -25.950000000001257, -1.0]",0.1,0.25,immediate,1,0,1.0,1.0,0,48,48,0,0,48,0,47,1,47,1,389.1999999999987,23984.989999999776,38920,2398499,12.015376000024844,800.8671931999852,15.16654855666728,13.63095238095238,15.16654855666728,15166540.448332971,8.108333333333306,1.0,100.0,0.0,,,,,,,,3.9268112182617188,5.370613098144531,9.967847551618304,13.846386500767299,15.16654855666728,7.4069899761565186,20.433581897190642,25.936695499179994,32.44059812816194,2.857142857142857,2.857142857142857,8.571428571428571,11.428571428571429,13.63095238095238,7.654076841151349,20.0,23.714285714285726,31.428571428571427,3.9268112182617188,5.370613098144531,9.967847551618304,13.846386500767299,15.16654855666728,7.4069899761565186,20.433581897190642,25.936695499179994,32.44059812816194,1.5800000000000012,2.186999999999997,4.2424999999999535,6.964999999999896,8.108333333333306,5.7445424583301685,9.437499999999844,14.310999999999748,30.00000000000189,30.4884035512805,47.51815034075116,100.49368319411587,136.70752101391554,152.0459669018534,78.42071699874818,197.58402181391648,254.3374728703159,359.094944206372,3926809.638260719,5370611.011143532,9967840.431617305,13846382.550766297,15166540.448332971,7406986.177100771,20433573.22718964,25936681.704178993,32440572.178160936,3926809638260.7188,5370611011143.532,9967840431617.305,13846382550766.297,15166540448332.97,7406986177100.7705,20433573227189.64,25936681704178.992,32440572178160.938,158.0,218.7,424.25,696.5,810.8333333333334,574.4542458329954,943.75,1431.1000000000008,3000.0,1.0,1.0,1.0,1.0,1.0,0.0,1.0,1.0,1.0,100.0,100.0,100.0,100.0,100.0,0.0,100.0,100.0,100.0,0.0,0.0,0.0,0.0,0.0,0.0,0.0,0.0,0.0
111,32440572178160.938,32.44059812816194,31.428571428571427,32.44059812816194,25.950000000001257,0,1,359.094944206372,2595,32440572.178160936,"[0.0, 32.44059812816194, -25.950000000001257, -1.0]",0.1,0.25,immediate,1,0,1.0,1.0,0,48,48,0,0,48,0,48,0,48,0,332.1399999999973,24317.129999999772,33214,2431713,9.63351779995719,810.5732579999603,14.101446185103194,12.5,14.101446185103194,14101439.26551886,6.919583333333278,1.0,100.0,0.0,,,,,,,,4.011175973074776,5.668521881103516,9.778406279427664,13.905715942382812,14.101446185103194,6.904636273025274,19.871833665030344,21.53421347481864,32.44059812816194,2.857142857142857,2.857142857142857,8.571428571428571,11.428571428571429,12.5,7.110043676971005,17.142857142857142,20.0,31.428571428571427,4.011175973074776,5.668521881103516,9.778406279427664,13.905715942382812,14.101446185103194,6.904636273025274,19.871833665030344,21.53421347481864,32.44059812816194,1.6100000000000012,2.1899999999999973,3.9724999999999597,6.729999999999901,6.919583333333278,4.555635684847542,8.572499999999861,10.17899999999983,25.950000000001257,31.384634286165237,50.79976553693414,92.6469219580431,133.19868471845984,136.70727291512048,73.02445054378437,188.70774501037522,200.46434372665757,359.094944206372,4011174.363073776,5668519.684102516,9778399.164426664,13905711.597381812,14101439.26551886,6904632.3456417695,19871824.642529346,21534204.35981764,32440572.178160936,4011174363073.776,5668519684102.516,9778399164426.664,13905711597381.812,14101439265518.861,6904632345641.769,19871824642529.344,21534204359817.64,32440572178160.938,161.0,219.0,397.25,673.0,691.9583333333334,455.56356848474564,857.25,1017.9000000000003,2595.0,1.0,1.0,1.0,1.0,1.0,0.0,1.0,1.0,1.0,100.0,100.0,100.0,100.0,100.0,0.0,100.0,100.0,100.0,0.0,0.0,0.0,0.0,0.0,0.0,0.0,0.0,0.0
112,32440572178160.938,32.44059812816194,31.428571428571427,32.44059812816194,25.950000000001257,0,1,359.094944206372,2595,32440572.178160936,"[0.0, 32.44059812816194, -25.950000000001257, -1.0]",0.1,0.25,immediate,1,0,1.0,1.0,0,48,48,0,0,48,0,48,0,48,0,346.82999999999737,24663.95999999977,34683,2466396,10.186221299984027,820.8254174999893,14.559340029272262,13.095238095238095,14.559340029272262,14559332.80364626,7.225624999999945,1.0,100.0,0.0,,,,,,,,4.345861162458147,5.597181047712054,9.40737247467041,14.470383780343191,14.559340029272262,6.79936416104101,20.056416647774835,21.53027997698103,32.44059812816194,2.857142857142857,2.857142857142857,8.571428571428571,14.285714285714285,13.095238095238095,7.042952122737638,20.0,20.0,31.428571428571427,4.345861162458147,5.597181047712054,9.40737247467041,14.470383780343191,14.559340029272262,6.79936416104101,20.056416647774835,21.53027997698103,32.44059812816194,1.7300000000000013,2.167999999999998,4.42999999999995,6.724999999999901,7.225624999999945,4.666135939873148,8.66999999999986,12.0089999999998,25.950000000001257,35.07912114262581,50.00116962194443,102.31460910872192,138.21174073591828,142.67487791242397,71.28826826499365,187.9576051568365,216.81509792666566,359.094944206372,4345859.432457146,5597178.879711053,9407365.45966941,14470379.280342191,14559332.80364626,6799360.137536019,20056407.710273836,21530267.529980034,32440572.178160936,4345859432457.1465,5597178879711.054,9407365459669.41,14470379280342.191,14559332803646.26,6799360137536.02,20056407710273.836,21530267529980.035,32440572178160.938,173.0,216.8,443.0,672.5,722.5625,466.61359398730553,867.0,1200.900000000001,2595.0,1.0,1.0,1.0,1.0,1.0,0.0,1.0,1.0,1.0,100.0,100.0,100.0,100.0,100.0,0.0,100.0,100.0,100.0,0.0,0.0,0.0,0.0,0.0,0.0,0.0,0.0,0.0
113,32440572178160.938,32.44059812816194,31.428571428571427,32.44059812816194,25.950000000001257,0,1,359.094944206372,2595,32440572.178160936,"[0.0, 32.44059812816194, -25.950000000001257, -1.0]",0.1,0.25,immediate,1,0,1.0,1.0,0,48,48,0,0,48,0,48,0,48,0,349.27999999999724,25013.23999999977,34928,2501324,11.276754400052596,832.169017600012,13.108459256136227,11.547619047619046,13.108459256136227,13108451.97946856,7.2766666666666096,1.0,100.0,0.0,,,,,,,,3.1267002650669644,4.33127920968192,7.335921015058245,10.984137398856026,13.108459256136227,7.526676567530291,16.44607135227748,24.561267981654595,32.44059812816194,2.857142857142857,2.857142857142857,5.714285714285714,8.571428571428571,11.547619047619046,7.71424897110591,14.285714285714285,23.714285714285726,31.428571428571427,3.1267002650669644,4.33127920968192,7.335921015058245,10.984137398856026,13.108459256136227,7.526676567530291,16.44607135227748,24.561267981654595,32.44059812816194,1.5100000000000011,2.1869999999999967,3.517499999999969,6.539999999999905,7.2766666666666096,5.175529897722826,9.007499999999853,14.917999999999731,25.950000000001257,22.326150903536472,39.13779481351376,82.43585661534598,115.50035153672434,130.6698559116256,80.11681640531755,151.12225652259804,242.89462595143794,359.094944206372,3126697.875065964,4331277.48968092,7335912.620057245,10984132.053855026,13108451.97946856,7526672.380330659,16446064.329776483,24561253.36965359,32440572.178160936,3126697875065.9644,4331277489680.92,7335912620057.245,10984132053855.025,13108451979468.557,7526672380330.66,16446064329776.482,24561253369653.594,32440572178160.938,151.0,218.70000000000002,351.75,654.0,727.6666666666666,517.5529897722766,900.75,1491.8000000000004,2595.0,1.0,1.0,1.0,1.0,1.0,0.0,1.0,1.0,1.0,100.0,100.0,100.0,100.0,100.0,0.0,100.0,100.0,100.0,0.0,0.0,0.0,0.0,0.0,0.0,0.0,0.0,0.0
114,32440572178160.938,32.44059812816194,31.428571428571427,32.44059812816194,25.950000000001257,0,1,359.094944206372,2595,32440572.178160936,"[0.0, 32.44059812816194, -25.950000000001257, -1.0]",0.1,0.25,immediate,1,0,1.0,1.0,0,48,48,0,0,48,0,48,0,48,0,415.1799999999961,25428.419999999765,41518,2542842,14.526157699991018,846.7747292999993,16.78937864507696,15.357142857142856,16.78937864507696,16789369.995492626,8.649583333333252,1.0,100.0,0.0,,,,,,,,4.039955139160156,7.773408617292133,11.283588409423828,17.92026792253767,16.78937864507696,6.958409756082279,20.872003691537042,25.71428571428571,32.44059812816194,2.857142857142857,7.714285714285714,8.571428571428571,15.714285714285714,15.357142857142856,7.037919644694024,20.0,22.857142857142858,31.428571428571427,4.039955139160156,7.773408617292133,11.283588409423828,17.92026792253767,16.78937864507696,6.958409756082279,20.872003691537042,25.71428571428571,32.44059812816194,1.6200000000000012,2.8329999999999838,4.579999999999947,8.764999999999858,8.649583333333252,4.914523102640741,10.044999999999831,14.810999999999732,25.950000000001257,31.686478935182095,75.02284234020044,126.71026685647666,176.52282743601972,166.28130796592072,72.73821910213567,202.02365946769896,258.45237016062316,359.094944206372,4039953.5191591564,7773405.784291133,11283580.204422828,17920258.677536666,16789369.995492626,6958405.768244229,20871994.17653604,25714270.182284713,32440572.178160936,4039953519159.1562,7773405784291.133,11283580204422.828,17920258677536.668,16789369995492.63,6958405768244.2295,20871994176536.04,25714270182284.71,32440572178160.938,162.0,283.3,458.0,876.5,864.9583333333334,491.4523102640671,1004.5,1481.1000000000004,2595.0,1.0,1.0,1.0,1.0,1.0,0.0,1.0,1.0,1.0,100.0,100.0,100.0,100.0,100.0,0.0,100.0,100.0,100.0,0.0,0.0,0.0,0.0,0.0,0.0,0.0,0.0,0.0
115,32440572178160.938,32.44059812816194,31.428571428571427,32.44059812816194,25.950000000001257,0,1,359.094944206372,2595,32440572.178160936,"[0.0, 32.44059812816194, -25.950000000001257, -1.0]",0.1,0.25,immediate,1,0,1.0,1.0,0,48,48,0,0,48,0,48,0,48,0,417.15999999999696,25845.57999999976,41716,2584558,14.159386300016195,861.0158388999989,16.157634728884886,14.76190476190476,16.157634728884886,16157626.038050557,8.69083333333327,1.0,100.0,0.0,,,,,,,,3.982484000069755,8.910981042044503,10.872900826590401,15.533264705113002,16.157634728884886,7.039175645798879,20.753439494541713,25.73591902362786,32.44059812816194,2.857142857142857,7.714285714285714,8.571428571428571,14.285714285714285,14.76190476190476,7.126966450997983,20.0,23.714285714285726,31.428571428571427,3.982484000069755,8.910981042044503,10.872900826590401,15.533264705113002,16.157634728884886,7.039175645798879,20.753439494541713,25.73591902362786,32.44059812816194,1.6000000000000012,3.1639999999999766,6.632499999999903,8.334999999999866,8.69083333333327,4.999338220093741,9.787499999999836,15.159999999999725,25.950000000001257,31.084527671337128,91.16626554429531,112.36478940835514,151.8997120870481,161.73230090544743,72.55423302312944,199.69963857753282,263.1495140969186,359.094944206372,3982482.400068755,8910971.758043503,10872894.5990894,15533256.945112001,16157626.038050557,7039171.551688993,20753430.88454071,25735904.660626862,32440572.178160936,3982482400068.755,8910971758043.504,10872894599089.402,15533256945112.0,16157626038050.557,7039171551688.993,20753430884540.71,25735904660626.86,32440572178160.938,160.0,316.4,663.25,833.5,869.0833333333334,499.9338220093624,978.75,1516.0000000000005,2595.0,1.0,1.0,1.0,1.0,1.0,0.0,1.0,1.0,1.0,100.0,100.0,100.0,100.0,100.0,0.0,100.0,100.0,100.0,0.0,0.0,0.0,0.0,0.0,0.0,0.0,0.0,0.0
116,32440572178160.938,32.44059812816194,31.428571428571427,32.44059812816194,25.950000000001257,0,1,359.094944206372,2595,32440572.178160936,"[0.0, 32.44059812816194, -25.950000000001257, -1.0]",0.1,0.25,immediate,1,0,1.0,1.0,0,48,48,0,0,48,0,48,0,48,0,380.18999999999687,26225.769999999757,38019,2622577,12.608757900015917,873.7013806999894,14.603640438340156,13.214285714285714,14.603640438340156,14603632.517714158,7.9206249999999345,1.0,100.0,0.0,,,,,,,,3.6564145769391745,6.986764635358538,9.607016699654714,14.119554247174944,14.603640438340156,6.700047066129563,20.17704963684082,21.074293409075057,32.44059812816194,2.857142857142857,4.857142857142858,8.571428571428571,11.428571428571429,13.214285714285714,6.866684829247494,20.0,20.0,31.428571428571427,3.6564145769391745,6.986764635358538,9.607016699654714,14.119554247174944,14.603640438340156,6.700047066129563,20.17704963684082,21.074293409075057,32.44059812816194,1.480000000000001,2.7939999999999845,4.797499999999943,7.24999999999989,7.9206249999999345,4.81009502948842,9.58749999999984,13.745999999999755,25.950000000001257,27.579990088939667,74.65221321822611,102.73045883700252,139.76776667311788,145.36808925374802,69.2357016191525,196.7637535099857,204.84791109876022,359.094944206372,3656413.096938174,6986757.522357537,9607009.359653713,14119549.562173944,14603632.517714158,6700043.22282729,20177039.44183982,21074283.767074056,32440572.178160936,3656413096938.1743,6986757522357.538,9607009359653.715,14119549562173.945,14603632517714.156,6700043222827.29,20177039441839.82,21074283767074.06,32440572178160.938,148.0,279.40000000000003,479.75,725.0,792.0625,481.00950294883296,958.75,1374.6000000000004,2595.0,1.0,1.0,1.0,1.0,1.0,0.0,1.0,1.0,1.0,100.0,100.0,100.0,100.0,100.0,0.0,100.0,100.0,100.0,0.0,0.0,0.0,0.0,0.0,0.0,0.0,0.0,0.0
117,32440572178160.938,32.44059812816194,31.428571428571427,32.44059812816194,25.950000000001257,0,1,359.094944206372,2595,32440572.178160936,"[0.0, 32.44059812816194, -25.950000000001257, -1.0]",0.1,0.25,immediate,1,0,1.0,1.0,0,48,48,0,0,48,0,47,1,47,1,395.2799999999985,26621.049999999756,39528,2662105,13.771473600005265,887.552429399977,14.844103021419025,13.333333333333334,14.844103021419025,14844094.786418045,8.23499999999997,1.0,100.0,0.0,,,,,,,,3.8774272373744423,5.458706447056362,9.045468057904925,13.402734483991349,14.844103021419025,7.4527322271992436,20.58964729309082,24.961643215448508,32.44059812816194,2.857142857142857,2.857142857142857,8.571428571428571,11.428571428571429,13.333333333333334,7.7225117810604065,20.0,22.857142857142858,31.428571428571427,3.8774272373744423,5.458706447056362,9.045468057904925,13.402734483991349,14.844103021419025,7.4527322271992436,20.58964729309082,24.961643215448508,32.44059812816194,1.5600000000000012,2.114999999999999,4.527499999999948,6.979999999999896,8.23499999999997,5.768229797780459,9.487499999999843,15.29999999999972,30.00000000000189,29.897326841950417,48.079604256153104,96.3331999411239,136.56611432880163,150.6296651579834,80.80692874323867,194.39589726710983,254.26021922747543,362.7930148232117,3877425.6773734423,5458704.332055362,9045464.947903924,13402728.343990348,14844094.786418045,7452727.895039569,20589638.675589822,24961627.419447508,32440572.178160936,3877425677373.4424,5458704332055.362,9045464947903.926,13402728343990.348,14844094786418.047,7452727895039.569,20589638675589.82,24961627419447.508,32440572178160.938,156.0,211.5,452.75,698.0,823.5,576.8229797780251,948.75,1530.0000000000002,3000.0,1.0,1.0,1.0,1.0,1.0,0.0,1.0,1.0,1.0,100.0,100.0,100.0,100.0,100.0,0.0,100.0,100.0,100.0,0.0,0.0,0.0,0.0,0.0,0.0,0.0,0.0,0.0
118,32440572178160.938,32.44059812816194,31.428571428571427,32.44059812816194,25.950000000001257,0,1,359.094944206372,2595,32440572.178160936,"[0.0, 32.44059812816194, -25.950000000001257, -1.0]",0.1,0.25,immediate,1,0,1.0,1.0,0,48,48,0,0,48,0,48,0,48,0,361.5699999999962,26982.61999999975,36157,2698262,12.291001199977472,899.911558599968,14.719265850466874,13.154761904761903,14.719265850466874,14719258.317757541,7.532708333333254,1.0,100.0,0.0,,,,,,,,5.553256443568638,8.90320805140904,10.374200003487724,13.831133161272323,14.719265850466874,5.9222942554354265,16.771332877022882,21.031861168997633,32.44059812816194,2.857142857142857,8.571428571428571,8.571428571428571,11.428571428571429,13.154761904761903,6.137306000462308,14.285714285714285,20.0,31.428571428571427,5.553256443568638,8.90320805140904,10.374200003487724,13.831133161272323,14.719265850466874,5.9222942554354265,16.771332877022882,21.031861168997633,32.44059812816194,2.149999999999998,3.3479999999999728,5.7924999999999205,6.679999999999902,7.532708333333254,4.033324589995771,8.424999999999866,11.049999999999818,25.950000000001257,49.34253502637148,94.7748456487374,102.70021391322007,138.238034942362,146.77093193808392,63.56219022977913,156.02091252491664,203.27055413730923,362.7930148232117,5553254.293567638,8903201.44040804,10374195.820986722,13831127.53627132,14719258.317757541,5922291.012680833,16771325.307021882,21031851.483996633,32440572.178160936,5553254293567.638,8903201440408.04,10374195820986.723,13831127536271.32,14719258317757.541,5922291012680.834,16771325307021.883,21031851483996.633,32440572178160.938,215.0,334.8,579.25,668.0,753.2708333333334,403.3324589995688,842.5,1105.000000000001,2595.0,1.0,1.0,1.0,1.0,1.0,0.0,1.0,1.0,1.0,100.0,100.0,100.0,100.0,100.0,0.0,100.0,100.0,100.0,0.0,0.0,0.0,0.0,0.0,0.0,0.0,0.0,0.0
119,32440572178160.938,32.44059812816194,31.428571428571427,32.44059812816194,25.950000000001257,0,1,359.094944206372,2595,32440572.178160936,"[0.0, 32.44059812816194, -25.950000000001257, -1.0]",0.1,0.25,immediate,1,0,1.0,1.0,0,48,48,0,0,48,0,48,0,48,0,378.31999999999766,27360.939999999748,37832,2736094,12.962477200024296,912.9490961999982,15.51624617780537,13.988095238095235,15.51624617780537,15516238.296137704,7.881666666666618,1.0,100.0,0.0,,,,,,,,3.816898890904018,8.165137154715401,9.76397923060826,15.312224796840123,15.51624617780537,7.2619048555337775,20.37491389683315,25.021145103933236,32.44059812816194,2.857142857142857,5.714285714285714,8.571428571428571,14.285714285714285,13.988095238095235,7.336415168755423,20.0,22.857142857142858,31.428571428571427,3.816898890904018,8.165137154715401,9.76397923060826,15.312224796840123,15.51624617780537,7.2619048555337775,20.37491389683315,25.021145103933236,32.44059812816194,1.5400000000000011,3.103999999999978,3.702499999999965,7.469999999999885,7.881666666666618,5.058919241190773,9.539999999999841,12.955999999999772,25.950000000001257,29.310363352298737,86.82104164952906,99.05883738904959,147.4544744823579,154.72580468138145,77.6373065586129,193.7863625853861,256.52558641144,362.7930148232117,3816897.3509030174,8165129.546714402,9763975.87560726,15312217.856839124,15516238.296137704,7261900.589914111,20374904.57933215,25021125.329932235,32440572.178160936,3816897350903.0176,8165129546714.401,9763975875607.26,15312217856839.123,15516238296137.703,7261900589914.111,20374904579332.15,25021125329932.234,32440572178160.938,154.0,310.4,370.25,747.0,788.1666666666666,505.8919241190641,954.0,1295.6000000000004,2595.0,1.0,1.0,1.0,1.0,1.0,0.0,1.0,1.0,1.0,100.0,100.0,100.0,100.0,100.0,0.0,100.0,100.0,100.0,0.0,0.0,0.0,0.0,0.0,0.0,0.0,0.0,0.0
120,32440572178160.938,32.44059812816194,31.428571428571427,32.44059812816194,25.950000000001257,0,1,359.094944206372,2595,32440572.178160936,"[0.0, 32.44059812816194, -25.950000000001257, -1.0]",0.1,0.25,immediate,1,0,1.0,1.0,0,48,48,0,0,48,0,48,0,48,0,380.37999999999704,27741.319999999745,38038,2774132,12.480265600024723,925.5619559999905,14.984114219323004,13.69047619047619,14.984114219323004,14984106.29473867,7.924583333333271,1.0,100.0,0.0,,,,,,,,4.012663705008371,8.26015990121024,10.09875978742327,14.23558098929269,14.984114219323004,6.479064848884158,20.476088523864746,21.485160555158345,32.44059812816194,2.857142857142857,7.714285714285714,8.571428571428571,12.857142857142858,13.69047619047619,6.622943355095773,20.0,20.0,31.428571428571427,4.012663705008371,8.26015990121024,10.09875978742327,14.23558098929269,14.984114219323004,6.479064848884158,20.476088523864746,21.485160555158345,32.44059812816194,1.6100000000000012,3.3059999999999734,5.522499999999926,7.6449999999998814,7.924583333333271,4.510880807527879,8.992499999999852,10.743999999999822,25.950000000001257,31.384959496557713,87.03013933860784,104.50778025557884,141.33727207407355,150.60095133684823,66.27960692878123,192.33313607308264,199.12667126311862,362.7930148232117,4012662.0950073707,8260151.870209241,10098746.182422271,14235575.379291689,14984106.29473867,6479061.655391521,20476080.32636375,21485151.583157346,32440572.178160936,4012662095007.3706,8260151870209.241,10098746182422.271,14235575379291.69,14984106294738.672,6479061655391.521,20476080326363.75,21485151583157.344,32440572178160.938,161.0,330.6,552.25,764.5,792.4583333333334,451.08808075277517,899.25,1074.4000000000005,2595.0,1.0,1.0,1.0,1.0,1.0,0.0,1.0,1.0,1.0,100.0,100.0,100.0,100.0,100.0,0.0,100.0,100.0,100.0,0.0,0.0,0.0,0.0,0.0,0.0,0.0,0.0,0.0
121,32440572178160.938,32.44059812816194,31.428571428571427,32.44059812816194,25.950000000001257,0,1,359.094944206372,2595,32440572.178160936,"[0.0, 32.44059812816194, -25.950000000001257, -1.0]",0.1,0.25,immediate,1,0,1.0,1.0,0,48,48,0,0,48,0,48,0,48,0,321.919999999997,28063.239999999743,32192,2806324,10.739419599995017,936.376853099966,14.814929829406838,13.51190476190476,14.814929829406838,14814923.122739172,6.706666666666604,1.0,100.0,0.0,,,,,,,,3.7881633213588173,6.752294812883649,9.521094049726212,14.216769082205637,14.814929829406838,6.5620352988384365,20.227471079145158,20.918826239449636,32.44059812816194,2.857142857142857,5.714285714285714,8.571428571428571,12.857142857142858,13.51190476190476,6.794845568801021,20.0,20.0,31.428571428571427,3.7881633213588173,6.752294812883649,9.521094049726212,14.216769082205637,14.814929829406838,6.5620352988384365,20.227471079145158,20.918826239449636,32.44059812816194,1.5300000000000011,2.7359999999999856,3.3174999999999732,6.7499999999999005,6.706666666666604,4.098316388740983,8.729999999999858,9.64099999999984,25.950000000001257,29.01917713135481,72.9935327127576,93.72408591397107,136.47920131700812,142.98073263949678,68.69402380769822,190.83782185225027,201.20398194961962,362.7930148232117,3788161.7913578176,6752289.668882649,9521090.832225213,14216764.897204636,14814923.122739172,6562031.730831045,20227461.729144156,20918817.92144864,32440572.178160936,3788161791357.8174,6752289668882.649,9521090832225.213,14216764897204.637,14814923122739.172,6562031730831.045,20227461729144.156,20918817921448.64,32440572178160.938,153.0,273.6,331.75,675.0,670.6666666666666,409.83163887408966,873.0,964.1000000000001,2595.0,1.0,1.0,1.0,1.0,1.0,0.0,1.0,1.0,1.0,100.0,100.0,100.0,100.0,100.0,0.0,100.0,100.0,100.0,0.0,0.0,0.0,0.0,0.0,0.0,0.0,0.0,0.0
122,32440572178160.938,32.44059812816194,31.428571428571427,32.44059812816194,25.950000000001257,0,1,359.094944206372,2595,32440572.178160936,"[0.0, 32.44059812816194, -25.950000000001257, -1.0]",0.1,0.25,immediate,1,0,1.0,1.0,0,48,48,0,0,48,0,47,1,47,1,450.4400000000004,28513.679999999742,45044,2851368,14.708097700029612,951.1694292000029,16.55714950750591,15.238095238095235,16.55714950750591,16557140.123338262,9.384166666666674,1.0,100.0,0.0,,,,,,,,3.415412902832031,8.632155009678433,10.19261428288051,16.739095960344585,16.55714950750591,7.330116470228286,21.131753240312847,26.567702789521128,32.44059812816194,2.857142857142857,8.571428571428571,8.571428571428571,14.285714285714285,15.238095238095235,7.430707873489158,20.0,25.71428571428571,31.428571428571427,3.415412902832031,8.632155009678433,10.19261428288051,16.739095960344585,16.55714950750591,7.330116470228286,21.131753240312847,26.567702789521128,32.44059812816194,3.189999999999976,3.96599999999996,6.487499999999907,7.929999999999875,9.384166666666674,6.051871898200306,9.392499999999844,15.638999999999713,30.00000000000189,44.94467565813102,91.37018734151643,100.56300176374498,152.68650727003478,166.91340221446671,78.25391997595733,199.34548603108306,275.2796786595217,368.2952764529982,3415408.322831031,8632148.273677433,10192611.03537951,16739088.715343587,16557140.123338262,7330112.347037088,21131744.372811846,26567687.27652013,32440572.178160936,3415408322831.031,8632148273677.433,10192611035379.51,16739088715343.586,16557140123338.264,7330112347037.087,21131744372811.848,26567687276520.13,32440572178160.938,319.0,396.6,648.75,793.0,938.4166666666666,605.1871898199946,939.25,1563.9,3000.0,1.0,1.0,1.0,1.0,1.0,0.0,1.0,1.0,1.0,100.0,100.0,100.0,100.0,100.0,0.0,100.0,100.0,100.0,0.0,0.0,0.0,0.0,0.0,0.0,0.0,0.0,0.0
123,32857124353486.465,32.85714362348747,31.428571428571427,32.85714362348747,19.270000000000213,0,1,352.6774212271339,1927,32857124.353486463,"[0.0, 32.85714362348747, -19.270000000000213, -1.0]",0.1,0.25,immediate,1,0,1.0,1.0,0,48,48,0,0,48,0,48,0,48,0,421.8899999999962,28935.569999999738,42189,2893557,13.683752599987201,964.9269400999765,16.624963313755288,15.178571428571429,16.624963313755288,16624954.524379285,8.78937499999992,1.0,100.0,0.0,,,,,,,,3.8714054652622765,5.785060337611607,10.208239555358887,16.689115251813618,16.624963313755288,7.380099689926635,21.14215237753732,25.65447099065507,32.85714362348747,2.857142857142857,4.857142857142858,8.571428571428571,14.285714285714285,15.178571428571429,7.403718729152814,20.0,22.857142857142858,31.428571428571427,3.8714054652622765,5.785060337611607,10.208239555358887,16.689115251813618,16.624963313755288,7.380099689926635,21.14215237753732,25.65447099065507,32.85714362348747,1.5600000000000012,2.2339999999999964,5.402499999999929,8.674999999999859,8.78937499999992,5.096231616862509,10.142499999999828,15.560999999999714,25.950000000001257,29.897023923695087,52.45384924262762,107.33608530648053,157.37488239437516,162.8248665763455,78.17698288485595,200.7633821324889,253.68599848449526,362.7930148232117,3871403.9052612763,5785058.103610608,10208225.285357885,16689107.066812616,16624954.524379285,7380095.433183183,21142142.23003632,25654455.31565407,32857124.353486463,3871403905261.2764,5785058103610.607,10208225285357.887,16689107066812.617,16624954524379.287,7380095433183.184,21142142230036.32,25654455315654.066,32857124353486.465,156.0,223.4,540.25,867.5,878.9375,509.62316168624375,1014.25,1556.1000000000001,2595.0,1.0,1.0,1.0,1.0,1.0,0.0,1.0,1.0,1.0,100.0,100.0,100.0,100.0,100.0,0.0,100.0,100.0,100.0,0.0,0.0,0.0,0.0,0.0,0.0,0.0,0.0,0.0
124,32857124353486.465,32.85714362348747,31.428571428571427,32.85714362348747,19.270000000000213,0,1,352.6774212271339,1927,32857124.353486463,"[0.0, 32.85714362348747, -19.270000000000213, -1.0]",0.1,0.25,immediate,1,0,1.0,1.0,0,48,48,0,0,48,0,48,0,48,0,438.4299999999988,29373.999999999738,43843,2937400,13.116666099987924,978.1119425999932,16.091543560207935,14.70238095238095,16.091543560207935,16091534.426248603,9.13395833333331,1.0,100.0,0.0,,,,,,,,3.311974661690848,5.034130096435547,9.838307925633021,15.51767349243164,16.091543560207935,8.223068037522639,21.50129590715681,26.852277753126476,32.85714362348747,2.857142857142857,2.857142857142857,8.571428571428571,14.285714285714285,14.70238095238095,8.268240674706758,20.0,25.71428571428571,31.428571428571427,3.311974661690848,5.034130096435547,9.838307925633021,15.51767349243164,16.091543560207935,8.223068037522639,21.50129590715681,26.852277753126476,32.85714362348747,1.440000000000001,2.960999999999981,6.434999999999907,7.934999999999875,9.13395833333331,5.934980251154961,10.239999999999826,17.342999999999922,25.950000000001257,26.451378375291824,44.377185443614145,102.23010684501787,149.6206304533116,165.6562428647926,89.7414368353128,205.73901580017446,283.2972553732493,367.84418489743257,3311971.191689848,5034128.125434547,9838304.57313202,15517666.10243064,16091534.426248603,8223062.939638869,21501286.12465581,26852265.30212548,32857124.353486463,3311971191689.848,5034128125434.547,9838304573132.02,15517666102430.64,16091534426248.604,8223062939638.869,21501286124655.81,26852265302125.477,32857124353486.465,144.0,296.1,643.5,793.5,913.3958333333334,593.4980251154777,1024.0,1734.300000000001,2595.0,1.0,1.0,1.0,1.0,1.0,0.0,1.0,1.0,1.0,100.0,100.0,100.0,100.0,100.0,0.0,100.0,100.0,100.0,0.0,0.0,0.0,0.0,0.0,0.0,0.0,0.0,0.0
125,32857124353486.465,32.85714362348747,31.428571428571427,32.85714362348747,19.270000000000213,0,1,352.6774212271339,1927,32857124.353486463,"[0.0, 32.85714362348747, -19.270000000000213, -1.0]",0.1,0.25,immediate,1,0,1.0,1.0,0,48,48,0,0,48,0,48,0,48,0,432.37999999999823,29806.379999999735,43238,2980638,12.802764899970498,990.9910905999714,16.948379985658022,15.595238095238097,16.948379985658022,16948370.97774036,9.00791666666663,1.0,100.0,0.0,,,,,,,,3.765629359654018,4.392300197056361,11.01245198931013,18.487694604056223,16.948379985658022,7.735910491821352,21.583362988063268,25.71428571428571,32.85714362348747,2.857142857142857,2.857142857142857,8.571428571428571,17.142857142857142,15.595238095238097,7.953058140542421,20.0,25.71428571428571,31.428571428571427,3.765629359654018,4.392300197056361,11.01245198931013,18.487694604056223,16.948379985658022,7.735910491821352,21.583362988063268,25.71428571428571,32.85714362348747,1.5200000000000011,1.7430000000000014,6.554999999999905,8.62999999999986,9.00791666666663,5.688806244991787,9.837499999999835,16.352999999999785,25.950000000001257,28.728516586124897,35.4999917306006,108.90239471010864,174.30333873684503,167.969337535577,84.99330291171508,202.85551795553147,294.7886537094681,359.094944206372,3765627.8396530175,4392298.454055361,11012446.22680913,18487685.904055223,16948370.97774036,7735905.409089942,21583353.213062268,25714268.67728471,32857124.353486463,3765627839653.0176,4392298454055.3613,11012446226809.129,18487685904055.22,16948370977740.357,7735905409089.942,21583353213062.266,25714268677284.71,32857124353486.465,152.0,174.3,655.5,863.0,900.7916666666666,568.8806244991612,983.75,1635.3000000000006,2595.0,1.0,1.0,1.0,1.0,1.0,0.0,1.0,1.0,1.0,100.0,100.0,100.0,100.0,100.0,0.0,100.0,100.0,100.0,0.0,0.0,0.0,0.0,0.0,0.0,0.0,0.0,0.0
126,32857124353486.465,32.85714362348747,31.428571428571427,32.85714362348747,19.270000000000213,0,1,352.6774212271339,1927,32857124.353486463,"[0.0, 32.85714362348747, -19.270000000000213, -1.0]",0.1,0.25,immediate,1,0,1.0,1.0,0,48,48,0,0,48,0,48,0,48,0,407.93999999999613,30214.31999999973,40794,3021432,12.791145199968014,1003.8493885999778,15.898749085491055,14.642857142857144,15.898749085491055,15898740.586740056,8.49874999999992,1.0,100.0,0.0,,,,,,,,3.7130083356584818,4.471571241106306,10.32785279410226,15.46194621494838,15.898749085491055,7.737221471759023,20.878498894827707,26.363936806814614,32.85714362348747,2.857142857142857,2.857142857142857,8.571428571428571,14.285714285714285,14.642857142857144,7.85984801916384,20.0,25.71428571428571,31.428571428571427,3.7130083356584818,4.471571241106306,10.32785279410226,15.46194621494838,15.898749085491055,7.737221471759023,20.878498894827707,26.363936806814614,32.85714362348747,1.5100000000000011,1.9919999999999995,5.3899999999999295,8.359999999999866,8.49874999999992,4.9282094555224285,10.06999999999983,15.040999999999723,25.950000000001257,28.22631337493658,43.99556859508157,107.79079738582368,155.61016890363317,159.48689355393222,81.01750384709057,198.99246314190714,274.6876300676842,359.094944206372,3713006.825657482,4471567.681105306,10327849.39160126,15461939.44994738,15898740.586740056,7737217.3051025225,20878489.054826707,26363920.694813613,32857124.353486463,3713006825657.482,4471567681105.307,10327849391601.26,15461939449947.38,15898740586740.055,7737217305102.521,20878489054826.707,26363920694813.613,32857124353486.465,151.0,199.20000000000002,539.0,836.0,849.875,492.820945552236,1007.0,1504.1000000000001,2595.0,1.0,1.0,1.0,1.0,1.0,0.0,1.0,1.0,1.0,100.0,100.0,100.0,100.0,100.0,0.0,100.0,100.0,100.0,0.0,0.0,0.0,0.0,0.0,0.0,0.0,0.0,0.0
127,32857124353486.465,32.85714362348747,31.428571428571427,32.85714362348747,19.270000000000213,0,1,352.6774212271339,1927,32857124.353486463,"[0.0, 32.85714362348747, -19.270000000000213, -1.0]",0.1,0.25,immediate,1,0,1.0,1.0,0,48,48,0,0,48,0,48,0,48,0,394.2299999999964,30608.549999999726,39423,3060855,13.068739300011657,1016.9929340999806,15.345881572912049,13.928571428571429,15.345881572912049,15345873.35978605,8.213124999999925,1.0,100.0,0.0,,,,,,,,2.7534375871930807,4.975291660853795,10.477301733834404,13.938050951276505,15.345881572912049,7.771978563011298,20.854748998369487,25.71428571428571,32.85714362348747,0.0,2.857142857142857,8.571428571428571,12.857142857142858,13.928571428571429,7.924494876496485,20.0,22.857142857142858,31.428571428571427,2.7534375871930807,4.975291660853795,10.477301733834404,13.938050951276505,15.345881572912049,7.771978563011298,20.854748998369487,25.71428571428571,32.85714362348747,1.5800000000000012,2.1539999999999977,5.1774999999999345,8.119999999999871,8.213124999999925,4.860822185362166,9.834999999999834,13.769999999999754,25.950000000001257,18.41992484329967,42.08842102050039,98.22652958362596,148.64755402618903,149.58168205792222,80.91027827650723,199.1837412740624,243.34056466004986,359.094944206372,2753435.6571920807,4975287.487852795,10477294.058833404,13938042.756275505,15345873.35978605,7771974.326144002,20854739.803368486,25714272.19028471,32857124.353486463,2753435657192.0806,4975287487852.795,10477294058833.404,13938042756275.506,15345873359786.053,7771974326144.002,20854739803368.49,25714272190284.71,32857124353486.465,158.0,215.4,517.75,812.0,821.3125,486.0822185362095,983.5,1377.0000000000005,2595.0,1.0,1.0,1.0,1.0,1.0,0.0,1.0,1.0,1.0,100.0,100.0,100.0,100.0,100.0,0.0,100.0,100.0,100.0,0.0,0.0,0.0,0.0,0.0,0.0,0.0,0.0,0.0
128,32857124353486.465,32.85714362348747,31.428571428571427,32.85714362348747,19.270000000000213,0,1,352.6774212271339,1927,32857124.353486463,"[0.0, 32.85714362348747, -19.270000000000213, -1.0]",0.1,0.25,immediate,1,0,1.0,1.0,0,48,48,0,0,48,0,48,0,48,0,427.72999999999763,31036.279999999722,42773,3103628,13.10807840002235,1030.1671885999967,15.5823062661064,14.166666666666666,15.5823062661064,15582297.35506373,8.911041666666618,1.0,100.0,0.0,,,,,,,,5.230020795549665,7.6392334529331745,10.467871257237025,13.164048876081194,15.5823062661064,7.300578963484631,20.50677708217076,26.023977897086965,32.85714362348747,2.857142857142857,5.714285714285714,8.571428571428571,11.428571428571429,14.166666666666666,7.60322016754084,20.0,23.714285714285726,31.428571428571427,5.230020795549665,7.6392334529331745,10.467871257237025,13.164048876081194,15.5823062661064,7.300578963484631,20.50677708217076,26.023977897086965,32.85714362348747,2.0400000000000005,3.7709999999999635,6.617499999999904,7.5499999999998835,8.911041666666618,5.151821781169453,9.277499999999847,17.143999999999888,25.950000000001257,45.410643719136715,87.85474165155392,101.69755701593385,137.5037627366546,157.8931119786574,76.25911900384718,193.1414090003418,258.2411396103243,359.094944206372,5230018.755548665,7639227.080932175,10467865.499736026,13164044.861080194,15582297.35506373,7300575.236169598,20506769.20966976,26023963.525085963,32857124.353486463,5230018755548.665,7639227080932.175,10467865499736.027,13164044861080.195,15582297355063.734,7300575236169.599,20506769209669.76,26023963525085.965,32857124353486.465,204.0,377.1,661.75,755.0,891.1041666666666,515.1821781169314,927.75,1714.4000000000008,2595.0,1.0,1.0,1.0,1.0,1.0,0.0,1.0,1.0,1.0,100.0,100.0,100.0,100.0,100.0,0.0,100.0,100.0,100.0,0.0,0.0,0.0,0.0,0.0,0.0,0.0,0.0,0.0
129,32857124353486.465,32.85714362348747,31.428571428571427,32.85714362348747,19.270000000000213,0,1,352.6774212271339,1927,32857124.353486463,"[0.0, 32.85714362348747, -19.270000000000213, -1.0]",0.1,0.25,immediate,1,0,1.0,1.0,0,48,48,0,0,48,0,48,0,48,0,357.66999999999774,31393.94999999972,35767,3139395,11.3086944000097,1041.5461622999865,15.846347875833388,14.345238095238095,15.846347875833388,15846340.424374053,7.451458333333286,1.0,100.0,0.0,,,,,,,,3.624883379255022,9.745585305350167,11.260516984122141,15.625836508614677,15.846347875833388,6.386285951197196,20.074195180620467,22.679215821200604,32.85714362348747,2.857142857142857,8.571428571428571,8.571428571428571,14.285714285714285,14.345238095238095,6.559242928909823,20.0,20.85714285714287,31.428571428571427,3.624883379255022,9.745585305350167,11.260516984122141,15.625836508614677,15.846347875833388,6.386285951197196,20.074195180620467,22.679215821200604,32.85714362348747,1.470000000000001,3.3489999999999727,4.064999999999958,6.929999999999897,7.451458333333286,4.792393708429895,8.279999999999868,11.729999999999814,25.950000000001257,27.295777186751366,94.54367846772075,107.32017477788031,147.44987904420123,151.72062675010056,67.43833261636142,190.65596542827552,204.57361447065998,359.094944206372,3624881.909254022,9745582.012349166,11260509.986621141,15625830.303613678,15846340.424374053,6386281.73771144,20074186.99561947,22679207.1431996,32857124.353486463,3624881909254.022,9745582012349.166,11260509986621.14,15625830303613.676,15846340424374.055,6386281737711.441,20074186995619.465,22679207143199.6,32857124353486.465,147.0,334.9,406.5,693.0,745.1458333333334,479.23937084297677,828.0,1173.0000000000018,2595.0,1.0,1.0,1.0,1.0,1.0,0.0,1.0,1.0,1.0,100.0,100.0,100.0,100.0,100.0,0.0,100.0,100.0,100.0,0.0,0.0,0.0,0.0,0.0,0.0,0.0,0.0,0.0
130,32857124353486.465,32.85714362348747,31.428571428571427,32.85714362348747,19.270000000000213,0,1,352.6774212271339,1927,32857124.353486463,"[0.0, 32.85714362348747, -19.270000000000213, -1.0]",0.1,0.25,immediate,1,0,1.0,1.0,0,48,48,0,0,48,0,48,0,48,0,341.23999999999944,31735.18999999972,34124,3173519,10.467937700042967,1052.0822931000148,14.537265526437617,13.154761904761905,14.537265526437617,14537258.41726995,7.109166666666655,1.0,100.0,0.0,,,,,,,,3.5981151035853793,4.344008854457311,9.384012222290039,14.053644452776227,14.537265526437617,7.447408000340271,20.511605398995535,21.657744543892996,32.85714362348747,2.857142857142857,2.857142857142857,8.571428571428571,11.428571428571429,13.154761904761905,7.530879363721723,20.0,20.0,31.428571428571427,3.5981151035853793,4.344008854457311,9.384012222290039,14.053644452776227,14.537265526437617,7.447408000340271,20.511605398995535,21.657744543892996,32.85714362348747,1.460000000000001,1.9929999999999997,3.417499999999971,6.559999999999905,7.109166666666655,5.570349268423361,9.15749999999985,11.183999999999811,28.92000000000172,27.01323826611042,34.764754350483415,93.9168509217343,136.9693688377738,141.60632237805476,78.92651219866347,194.40954114824126,203.85231671418734,359.094944206372,3598113.6435843795,4344007.13445631,9384003.982289039,14053639.752775228,14537258.41726995,7447403.719726657,20511596.171494536,21657735.451891996,32857124.353486463,3598113643584.3794,4344007134456.3105,9384003982289.04,14053639752775.227,14537258417269.953,7447403719726.656,20511596171494.535,21657735451891.996,32857124353486.465,146.0,199.3,341.75,656.0,710.9166666666666,557.0349268423141,915.75,1118.4000000000003,2892.0,1.0,1.0,1.0,1.0,1.0,0.0,1.0,1.0,1.0,100.0,100.0,100.0,100.0,100.0,0.0,100.0,100.0,100.0,0.0,0.0,0.0,0.0,0.0,0.0,0.0,0.0,0.0
131,32857124353486.465,32.85714362348747,31.428571428571427,32.85714362348747,19.270000000000213,0,1,352.6774212271339,1927,32857124.353486463,"[0.0, 32.85714362348747, -19.270000000000213, -1.0]",0.1,0.25,immediate,1,0,1.0,1.0,0,48,48,0,0,48,0,47,1,47,1,336.0300000000011,32071.21999999972,33603,3207122,9.611571200017352,1061.7608384999912,13.637669762602755,12.023809523809524,13.637669762602755,13637662.761976777,7.000625000000023,1.0,100.0,0.0,,,,,,,,3.814762660435268,4.36347906930106,5.743374143327985,13.276394435337611,13.637669762602755,7.753792976367059,19.956382342747283,22.87176619617846,32.85714362348747,2.857142857142857,2.857142857142857,5.0,11.428571428571429,12.023809523809524,7.78010574166405,17.857142857142858,20.85714285714287,31.428571428571427,3.814762660435268,4.36347906930106,5.743374143327985,13.276394435337611,13.637669762602755,7.753792976367059,19.956382342747283,22.87176619617846,32.85714362348747,1.5400000000000011,1.7330000000000014,2.2174999999999967,6.339999999999909,7.000625000000023,6.280364707513281,8.439999999999864,11.96199999999983,30.00000000000189,29.310402892529964,35.18403727486729,51.840676641091704,132.28002629429102,136.54611803434545,86.54813524897526,185.04320754386208,226.17908522459282,359.094944206372,3814761.1204342674,4363477.33630006,5743371.925826985,13276390.400336612,13637662.761976777,7753787.789419552,19956373.51774628,22871740.31817816,32857124.353486463,3814761120434.2676,4363477336300.06,5743371925826.985,13276390400336.611,13637662761976.775,7753787789419.553,19956373517746.28,22871740318178.156,32857124353486.465,154.0,173.3,221.75,634.0,700.0625,628.0364707513012,844.0,1196.2000000000025,3000.0,1.0,1.0,1.0,1.0,1.0,0.0,1.0,1.0,1.0,100.0,100.0,100.0,100.0,100.0,0.0,100.0,100.0,100.0,0.0,0.0,0.0,0.0,0.0,0.0,0.0,0.0,0.0
132,32857124353486.465,32.85714362348747,31.428571428571427,32.85714362348747,19.270000000000213,0,1,352.6774212271339,1927,32857124.353486463,"[0.0, 32.85714362348747, -19.270000000000213, -1.0]",0.1,0.25,immediate,1,0,1.0,1.0,0,48,48,0,0,48,0,48,0,48,0,391.2099999999972,32462.429999999717,39121,3246243,11.332550099992659,1073.1601564000011,16.875216902474833,15.357142857142856,16.875216902474833,16875208.7522655,8.150208333333275,1.0,100.0,0.0,,,,,,,,3.000052315848214,5.019552503313337,10.160824230739047,16.992266518729075,16.875216902474833,8.013563030215721,21.65103026798793,27.168770588869755,32.85714362348747,2.857142857142857,2.857142857142857,8.571428571428571,15.714285714285714,15.357142857142856,8.115346174835363,20.0,25.71428571428571,31.428571428571427,3.000052315848214,5.019552503313337,10.160824230739047,16.992266518729075,16.875216902474833,8.013563030215721,21.65103026798793,27.168770588869755,32.85714362348747,1.470000000000001,2.0849999999999995,3.7249999999999646,7.964999999999875,8.150208333333275,5.133047133357038,10.384999999999824,13.78999999999975,25.950000000001257,27.295931331813335,42.81171513050795,102.59732342831558,155.18737706214597,164.56715329172343,84.86692459594828,199.98122736367804,277.37956027055117,359.094944206372,3000048.525847214,5019550.538312336,10160819.920738049,16992258.898728073,16875208.7522655,8013558.534098106,21651020.52048693,27168759.36386875,32857124.353486463,3000048525847.214,5019550538312.337,10160819920738.047,16992258898728.074,16875208752265.502,8013558534098.105,21651020520486.93,27168759363868.754,32857124353486.465,147.0,208.5,372.5,796.5,815.0208333333334,513.3047133356939,1038.5,1379.0,2595.0,1.0,1.0,1.0,1.0,1.0,0.0,1.0,1.0,1.0,100.0,100.0,100.0,100.0,100.0,0.0,100.0,100.0,100.0,0.0,0.0,0.0,0.0,0.0,0.0,0.0,0.0,0.0
133,32857124353486.465,32.85714362348747,31.428571428571427,32.85714362348747,19.270000000000213,0,1,352.6774212271339,1927,32857124.353486463,"[0.0, 32.85714362348747, -19.270000000000213, -1.0]",0.1,0.25,immediate,1,0,1.0,1.0,0,48,48,0,0,48,0,48,0,48,0,360.32999999999845,32822.75999999972,36033,3282276,10.736018800002057,1083.9740740999696,15.339157871532066,13.630952380952381,15.339157871532066,15339150.364656068,7.506874999999968,1.0,100.0,0.0,,,,,,,,3.6616625104631697,5.4518230983189175,11.04330471583775,13.825269426618302,15.339157871532066,7.742415167695252,20.318348748343332,26.100847928467655,32.85714362348747,2.857142857142857,2.857142857142857,8.571428571428571,11.428571428571429,13.630952380952381,7.829813581792582,20.0,23.714285714285726,31.428571428571427,3.6616625104631697,5.4518230983189175,11.04330471583775,13.825269426618302,15.339157871532066,7.742415167695252,20.318348748343332,26.100847928467655,32.85714362348747,1.480000000000001,2.1219999999999986,3.899999999999961,6.809999999999899,7.506874999999968,5.276595791894909,8.722499999999858,12.76699999999978,25.950000000001257,27.580041095614433,48.33306999802589,103.77257307708715,129.80022443458438,150.9025944281419,85.19327419715673,191.59647318933276,277.1977402883087,366.93870328334015,3661661.03046217,5451820.976317918,11043298.828336753,13825262.896617303,15339150.364656068,7742410.460962041,20318339.308342326,26100836.475466654,32857124.353486463,3661661030462.17,5451820976317.918,11043298828336.752,13825262896617.303,15339150364656.068,7742410460962.042,20318339308342.33,26100836475466.652,32857124353486.465,148.0,212.2,390.0,681.0,750.6875,527.6595791894777,872.25,1276.7000000000007,2595.0,1.0,1.0,1.0,1.0,1.0,0.0,1.0,1.0,1.0,100.0,100.0,100.0,100.0,100.0,0.0,100.0,100.0,100.0,0.0,0.0,0.0,0.0,0.0,0.0,0.0,0.0,0.0
134,32857124353486.465,32.85714362348747,31.428571428571427,32.85714362348747,19.270000000000213,0,1,352.6774212271339,1927,32857124.353486463,"[0.0, 32.85714362348747, -19.270000000000213, -1.0]",0.1,0.25,immediate,1,0,1.0,1.0,0,48,48,0,0,48,0,48,0,48,0,354.7199999999963,33177.47999999971,35472,3317748,10.111063199990895,1094.1536997999647,15.738183654713529,14.404761904761903,15.738183654713529,15738176.264712527,7.389999999999922,1.0,100.0,0.0,,,,,,,,3.735825674874442,5.423187255859375,10.648362295968193,15.679127829415457,15.738183654713529,7.3320114863137,20.245885848999023,22.003847939627516,32.85714362348747,2.857142857142857,2.857142857142857,8.571428571428571,14.285714285714285,14.404761904761903,7.353057888896314,20.0,20.0,31.428571428571427,3.735825674874442,5.423187255859375,10.648362295968193,15.679127829415457,15.738183654713529,7.3320114863137,20.245885848999023,22.003847939627516,32.85714362348747,1.5200000000000011,2.104999999999999,4.052499999999958,7.804999999999878,7.389999999999922,4.183430609758788,9.09249999999985,10.530999999999825,19.980000000000324,28.46468437463045,47.74450124427676,118.24630999055807,150.8840689540375,155.3195671021781,75.83424344872931,196.18118397267244,205.35284398698278,366.93870328334015,3735824.154873442,5423185.150858376,10648357.958467193,15679121.389414456,15738176.264712527,7332007.803564515,20245876.213998023,22003838.842626516,32857124.353486463,3735824154873.442,5423185150858.376,10648357958467.193,15679121389414.455,15738176264712.525,7332007803564.514,20245876213998.023,22003838842626.516,32857124353486.465,152.0,210.5,405.25,780.5,739.0,418.3430609758774,909.25,1053.1000000000004,1998.0,1.0,1.0,1.0,1.0,1.0,0.0,1.0,1.0,1.0,100.0,100.0,100.0,100.0,100.0,0.0,100.0,100.0,100.0,0.0,0.0,0.0,0.0,0.0,0.0,0.0,0.0,0.0
135,34284544077582.91,34.28456442758391,31.428571428571427,34.28456442758391,20.35000000000038,0,1,359.1394163192672,2035,34284544.07758291,"[0.0, 34.28456442758391, -20.35000000000038, -1.0]",0.1,0.25,immediate,1,0,1.0,1.0,0,48,48,0,0,48,0,48,0,48,0,371.77999999999645,33549.25999999971,37178,3354926,10.779205600032583,1105.0008955000085,16.788190967649612,15.297619047619046,16.788190967649612,16788183.222231947,7.745416666666593,1.0,100.0,0.0,,,,,,,,3.8425336565290182,7.237464904785156,10.472676413399833,15.57084492274693,16.788190967649612,7.530405019259165,21.158097130911692,26.14285737276053,34.28456442758391,2.857142857142857,5.714285714285714,8.571428571428571,14.285714285714285,15.297619047619046,7.570296036891014,20.0,23.714285714285726,31.428571428571427,3.8425336565290182,7.237464904785156,10.472676413399833,15.57084492274693,16.788190967649612,7.530405019259165,21.158097130911692,26.14285737276053,34.28456442758391,1.5500000000000012,2.9249999999999816,4.119999999999957,7.654999999999881,7.745416666666593,4.57785200646065,9.402499999999844,13.758999999999753,20.35000000000038,29.60278532654047,66.24977817575855,105.72443498541543,147.47134199552238,164.02682901006833,79.60667605882786,200.6981411375382,267.21701573974644,366.93870328334015,3842532.106528018,7237459.578784157,10472672.933398833,15570839.18274593,16788183.222231947,7530401.085155242,21158087.525910694,26142846.65775953,34284544.07758291,3842532106528.018,7237459578784.156,10472672933398.832,15570839182745.93,16788183222231.947,7530401085155.242,21158087525910.695,26142846657759.527,34284544077582.91,155.0,292.5,412.0,765.5,774.5416666666666,457.7852006460624,940.25,1375.9000000000003,2035.0,1.0,1.0,1.0,1.0,1.0,0.0,1.0,1.0,1.0,100.0,100.0,100.0,100.0,100.0,0.0,100.0,100.0,100.0,0.0,0.0,0.0,0.0,0.0,0.0,0.0,0.0,0.0
136,34284544077582.91,34.28456442758391,31.428571428571427,34.28456442758391,20.35000000000038,0,1,359.1394163192672,2035,34284544.07758291,"[0.0, 34.28456442758391, -20.35000000000038, -1.0]",0.1,0.25,immediate,1,0,1.0,1.0,0,48,48,0,0,48,0,48,0,48,0,398.15000000000043,33947.40999999971,39815,3394741,11.358451399952173,1116.4260513999616,16.379525094492845,14.761904761904761,16.379525094492845,16379516.799700178,8.294791666666676,1.0,100.0,0.0,,,,,,,,4.126145499093193,5.684388296944754,10.436016491481237,14.04905046735491,16.379525094492845,7.988217771032673,21.131815229143417,27.964264786680243,34.28456442758391,2.857142857142857,4.857142857142858,8.571428571428571,11.428571428571429,14.761904761904761,7.982406959162004,20.0,25.71428571428571,31.428571428571427,4.126145499093193,5.684388296944754,10.436016491481237,14.04905046735491,16.379525094492845,7.988217771032673,21.131815229143417,27.964264786680243,34.28456442758391,1.6500000000000012,2.196999999999997,3.847499999999962,7.354999999999888,8.294791666666676,6.264212836151138,9.264999999999848,15.489999999999911,29.600000000001828,32.59717211127281,51.078700479120016,102.83997777427794,134.8729265495931,161.7677598897385,86.31343746629271,195.8394239764457,285.32526458290977,359.1394163192672,4126143.849092193,5684386.099943753,10436012.998980235,14049046.43235391,16379516.799700178,7988212.6311046425,21131806.591642417,27964247.42967924,34284544.07758291,4126143849092.193,5684386099943.754,10436012998980.236,14049046432353.91,16379516799700.178,7988212631104.643,21131806591642.414,27964247429679.242,34284544077582.91,165.0,219.7,384.75,735.5,829.4791666666666,626.4212836150863,926.5,1549.0000000000023,2960.0,1.0,1.0,1.0,1.0,1.0,0.0,1.0,1.0,1.0,100.0,100.0,100.0,100.0,100.0,0.0,100.0,100.0,100.0,0.0,0.0,0.0,0.0,0.0,0.0,0.0,0.0,0.0
137,34284544077582.91,34.28456442758391,31.428571428571427,34.28456442758391,20.35000000000038,0,1,359.1394163192672,2035,34284544.07758291,"[0.0, 34.28456442758391, -20.35000000000038, -1.0]",0.1,0.25,immediate,1,0,1.0,1.0,0,48,48,0,0,48,0,48,0,48,0,370.719999999998,34318.12999999971,37072,3431813,12.358948500012048,1128.852038300014,15.349739750794791,13.69047619047619,15.349739750794791,15349732.027460461,7.723333333333291,1.0,100.0,0.0,,,,,,,,3.6799076625279015,5.0899472917829245,5.953178405761719,14.49195316859654,15.349739750794791,8.53862225983194,21.413049016680038,26.849977276567508,34.28456442758391,2.857142857142857,2.857142857142857,5.714285714285714,12.857142857142858,13.69047619047619,8.708396396607903,20.0,25.71428571428571,31.428571428571427,3.6799076625279015,5.0899472917829245,5.953178405761719,14.49195316859654,15.349739750794791,8.53862225983194,21.413049016680038,26.849977276567508,34.28456442758391,1.490000000000001,2.062,3.4999999999999694,7.669999999999881,7.723333333333291,5.436556176069219,9.262499999999847,15.544999999999865,22.030000000000644,27.86523012071848,46.19029896557331,54.0700230486691,141.94306045080884,150.29444283857083,88.21482673471172,201.76458906629887,275.38735028750455,359.1394163192672,3679906.1725269016,5089944.662781924,5953176.128260719,14491947.43359554,15349732.027460461,8538617.27067781,21413039.891679037,26849960.436566506,34284544.07758291,3679906172526.9014,5089944662781.924,5953176128260.719,14491947433595.54,15349732027460.46,8538617270677.811,21413039891679.04,26849960436566.508,34284544077582.91,149.0,206.2,350.0,767.0,772.3333333333334,543.6556176069145,926.25,1554.5000000000018,2203.0,1.0,1.0,1.0,1.0,1.0,0.0,1.0,1.0,1.0,100.0,100.0,100.0,100.0,100.0,0.0,100.0,100.0,100.0,0.0,0.0,0.0,0.0,0.0,0.0,0.0,0.0,0.0
138,34284544077582.91,34.28456442758391,31.428571428571427,34.28456442758391,20.35000000000038,0,1,359.1394163192672,2035,34284544.07758291,"[0.0, 34.28456442758391, -20.35000000000038, -1.0]",0.1,0.25,immediate,1,0,1.0,1.0,0,48,48,0,0,48,0,48,0,48,0,408.219999999996,34726.34999999971,40822,3472635,15.698466900037602,1144.624031000014,16.466428931411873,15.0,16.466428931411873,16466420.426827535,8.50458333333325,1.0,100.0,0.0,,,,,,,,3.453222002301897,5.423725128173828,9.749080794198173,18.665499005998882,16.466428931411873,8.179920565498733,21.753957612173895,25.71428571428571,34.28456442758391,2.857142857142857,2.857142857142857,8.571428571428571,17.142857142857142,15.0,8.09173593712687,20.0,22.857142857142858,31.428571428571427,3.453222002301897,5.423725128173828,9.749080794198173,18.665499005998882,16.466428931411873,8.179920565498733,21.753957612173895,25.71428571428571,34.28456442758391,1.5500000000000012,2.153999999999998,5.489999999999927,8.584999999999862,8.50458333333325,4.878252316119216,9.914999999999832,16.28299999999975,21.63000000000058,29.603120781481266,48.946387364750265,105.42169755823306,177.21637115213161,159.29718854203853,84.65903481987871,202.33034839336142,246.57646216147265,359.1394163192672,3453215.792300897,5423720.676172827,9749073.284197172,18665487.82599788,16466420.426827535,8179916.393959503,21753947.664672896,25714271.23428471,34284544.07758291,3453215792300.897,5423720676172.828,9749073284197.172,18665487825997.883,16466420426827.537,8179916393959.502,21753947664672.895,25714271234284.71,34284544077582.91,155.0,215.4,549.0,858.5,850.4583333333334,487.82523161191875,991.5,1628.3000000000002,2163.0,1.0,1.0,1.0,1.0,1.0,0.0,1.0,1.0,1.0,100.0,100.0,100.0,100.0,100.0,0.0,100.0,100.0,100.0,0.0,0.0,0.0,0.0,0.0,0.0,0.0,0.0,0.0
139,34284544077582.91,34.28456442758391,31.428571428571427,34.28456442758391,20.35000000000038,0,1,359.1394163192672,2035,34284544.07758291,"[0.0, 34.28456442758391, -20.35000000000038, -1.0]",0.1,0.25,immediate,1,0,1.0,1.0,0,48,48,0,0,48,0,48,0,48,0,389.64999999999645,35115.9999999997,38965,3511600,15.195882600033656,1159.9177236999967,16.257249666120682,14.523809523809524,16.257249666120682,16257241.548411347,8.11770833333326,1.0,100.0,0.0,,,,,,,,3.9539991106305803,5.454927171979631,10.464461871555873,15.865061623709543,16.257249666120682,7.88774017891445,21.371981757027765,25.71428571428571,34.28456442758391,2.857142857142857,2.857142857142857,8.571428571428571,14.285714285714285,14.523809523809524,8.140629046323218,20.0,25.71428571428571,31.428571428571427,3.9539991106305803,5.454927171979631,10.464461871555873,15.865061623709543,16.257249666120682,7.88774017891445,21.371981757027765,25.71428571428571,34.28456442758391,1.5900000000000012,2.113999999999999,5.36999999999993,7.144999999999892,8.11770833333326,4.861633487309679,9.352499999999845,15.154999999999722,21.210000000000516,30.786326803267002,48.01040216088295,98.10382385611592,143.85759816565405,158.63537119196053,83.67314457673717,200.31895888762847,271.8199640934837,359.1394163192672,3953997.52062958,5454925.057978631,10464456.156554872,15865055.148708545,16257241.548411347,7887735.843041059,21371972.552026764,25714271.22728471,34284544.07758291,3953997520629.58,5454925057978.631,10464456156554.873,15865055148708.543,16257241548411.35,7887735843041.06,21371972552026.766,25714271227284.71,34284544077582.91,159.0,211.4,537.0,714.5,811.7708333333334,486.16334873096463,935.25,1515.5,2121.0,1.0,1.0,1.0,1.0,1.0,0.0,1.0,1.0,1.0,100.0,100.0,100.0,100.0,100.0,0.0,100.0,100.0,100.0,0.0,0.0,0.0,0.0,0.0,0.0,0.0,0.0,0.0
140,51622946575578.96,51.62297657557896,51.42857142857142,51.62297657557896,30.00000000000189,0,0,591.6798745330088,3000,51622946.57557896,"[0.0, 51.62297657557896, -30.00000000000189, -0.0]",0.1,0.25,immediate,1,0,1.0,1.0,0,48,48,0,0,48,0,47,1,47,1,377.16999999999786,35493.1699999997,37717,3549317,14.043273799994495,1174.0535724000074,17.177161209489892,15.833333333333334,17.177161209489892,17177153.35178058,7.857708333333289,1.0,100.0,0.0,,,,,,,,3.843825204031808,5.726196834019253,11.399545669555664,15.713740757533483,17.177161209489892,8.90247869852353,21.070235116141184,27.21961175683919,51.62297657557896,2.857142857142857,4.857142857142858,8.571428571428571,14.285714285714285,15.833333333333334,9.146545634946243,20.0,25.71428571428571,51.42857142857142,3.843825204031808,5.726196834019253,11.399545669555664,15.713740757533483,17.177161209489892,8.90247869852353,21.070235116141184,27.21961175683919,51.62297657557896,1.5500000000000012,2.217999999999997,4.012499999999958,7.489999999999885,7.857708333333289,5.223280115495661,9.387499999999845,12.526999999999783,30.00000000000189,29.602902360260487,51.8433277413249,113.17026433348656,157.00693840939493,171.14678174936793,97.19569498646663,200.71743904883988,272.6296796157607,591.6798745330088,3843823.6540308082,5726194.616018253,11399538.647054663,15713734.867532482,17177153.35178058,8902473.799161253,21070225.41364018,27219599.229838185,51622946.57557896,3843823654030.808,5726194616018.253,11399538647054.664,15713734867532.482,17177153351780.578,8902473799161.254,21070225413640.18,27219599229838.188,51622946575578.96,155.0,221.8,401.25,749.0,785.7708333333334,522.3280115495487,938.75,1252.7000000000005,3000.0,1.0,1.0,1.0,1.0,1.0,0.0,1.0,1.0,1.0,100.0,100.0,100.0,100.0,100.0,0.0,100.0,100.0,100.0,0.0,0.0,0.0,0.0,0.0,0.0,0.0,0.0,0.0
141,51622946575578.96,51.62297657557896,51.42857142857142,51.62297657557896,30.00000000000189,0,0,591.6798745330088,3000,51622946.57557896,"[0.0, 51.62297657557896, -30.00000000000189, -0.0]",0.1,0.25,immediate,1,0,1.0,1.0,0,48,48,0,0,48,0,47,1,47,1,352.06999999999834,35845.2399999997,35207,3584524,13.13594429998193,1187.26666069997,15.67589720136399,14.285714285714286,15.67589720136399,15675889.866571344,7.334791666666632,1.0,100.0,0.0,,,,,,,,0.628999982561384,4.682054792131696,10.11706897190639,15.196293422154017,15.67589720136399,9.055036689771622,20.678647586277553,23.201112311750062,51.62297657557896,0.0,2.857142857142857,8.571428571428571,14.285714285714285,14.285714285714286,9.202927661946518,20.0,21.714285714285737,51.42857142857142,0.628999982561384,4.682054792131696,10.11706897190639,15.196293422154017,15.67589720136399,9.055036689771622,20.678647586277553,23.201112311750062,51.62297657557896,1.480000000000001,1.9860000000000009,3.6699999999999657,7.404999999999887,7.334791666666632,5.2752247146384565,9.152499999999849,10.764999999999821,30.00000000000189,27.580088585615158,43.56973218098283,97.05404869280756,141.68258666619658,153.64641556920878,96.14220731458784,195.30683682113158,220.85077619868704,591.6798745330088,628989.862560384,4682052.947130696,10117065.60940539,15196287.377153017,15675889.866571344,9055031.956063425,20678638.646276552,23201101.61574906,51622946.57557896,628989862560.384,4682052947130.696,10117065609405.39,15196287377153.018,15675889866571.344,9055031956063.426,20678638646276.555,23201101615749.062,51622946575578.96,148.0,198.6,367.0,740.5,733.4791666666666,527.5224714638283,915.25,1076.5000000000007,3000.0,1.0,1.0,1.0,1.0,1.0,0.0,1.0,1.0,1.0,100.0,100.0,100.0,100.0,100.0,0.0,100.0,100.0,100.0,0.0,0.0,0.0,0.0,0.0,0.0,0.0,0.0,0.0
142,51622946575578.96,51.62297657557896,51.42857142857142,51.62297657557896,30.00000000000189,0,0,591.6798745330088,3000,51622946.57557896,"[0.0, 51.62297657557896, -30.00000000000189, -0.0]",0.1,0.25,immediate,1,0,1.0,1.0,0,48,48,0,0,48,0,47,1,47,1,373.62999999999744,36218.8699999997,37363,3621887,13.717359900008887,1201.0665737999952,17.14799831155943,15.535714285714283,17.14799831155943,17147990.52760012,7.78395833333328,1.0,100.0,0.0,,,,,,,,5.013013567243304,8.390611103602819,11.104722023010254,14.69327654157366,17.14799831155943,8.743833933380357,21.047700473240443,27.07487032793918,51.62297657557896,2.857142857142857,7.714285714285714,8.571428571428571,14.285714285714285,15.535714285714283,9.070889560289329,20.0,25.71428571428571,51.42857142857142,5.013013567243304,8.390611103602819,11.104722023010254,14.69327654157366,17.14799831155943,8.743833933380357,21.047700473240443,27.07487032793918,51.62297657557896,1.9600000000000015,3.2329999999999752,4.249999999999954,6.999999999999895,7.78395833333328,4.875131938207646,9.612499999999839,11.650999999999797,30.00000000000189,42.627388179302216,82.05884545518785,106.3019806202501,149.09707192811038,168.80933454852024,97.10941239846245,201.9667292149752,270.479929783276,591.6798745330088,5013011.607242304,8390603.541601818,11104716.530509252,14693268.551572662,17147990.52760012,8743829.473201523,21047690.758239448,27074859.31793818,51622946.57557896,5013011607242.304,8390603541601.819,11104716530509.254,14693268551572.66,17147990527600.12,8743829473201.523,21047690758239.445,27074859317938.18,51622946575578.96,196.0,323.3,425.0,700.0,778.3958333333334,487.5131938207473,961.25,1165.1000000000001,3000.0,1.0,1.0,1.0,1.0,1.0,0.0,1.0,1.0,1.0,100.0,100.0,100.0,100.0,100.0,0.0,100.0,100.0,100.0,0.0,0.0,0.0,0.0,0.0,0.0,0.0,0.0,0.0
143,51622946575578.96,51.62297657557896,51.42857142857142,51.62297657557896,30.00000000000189,0,0,591.6798745330088,3000,51622946.57557896,"[0.0, 51.62297657557896, -30.00000000000189, -0.0]",0.1,0.25,immediate,1,0,1.0,1.0,0,48,48,0,0,48,0,47,1,47,1,448.15999999999826,36667.02999999969,44816,3666703,16.23080169997411,1217.3758760999772,18.311302229395253,16.96428571428571,18.311302229395253,18311292.892727606,9.33666666666663,1.0,100.0,0.0,,,,,,,,3.9075524466378346,5.799415043422154,11.122051647731235,17.06249509538923,18.311302229395253,9.626818779261741,23.198533058166504,29.086213976728146,51.62297657557896,2.857142857142857,5.714285714285714,10.714285714285715,15.714285714285714,16.96428571428571,9.608072180224717,20.714285714285715,27.428571428571452,51.42857142857142,3.9075524466378346,5.799415043422154,11.122051647731235,17.06249509538923,18.311302229395253,9.626818779261741,23.198533058166504,29.086213976728146,51.62297657557896,1.5800000000000012,2.246999999999996,5.539999999999926,8.459999999999864,9.33666666666663,5.996499094379236,12.037499999999788,17.273999999999912,30.00000000000189,30.278369039297104,51.99437093362212,99.9392457490685,156.63787932538253,179.35677109205017,108.51415999589966,221.1244872171228,312.9765455041563,591.6798745330088,3907550.8666368346,5799412.814421154,11122047.232730236,17062487.79538823,18311292.892727606,9626813.586284209,23198523.1581655,29086199.873727147,51622946.57557896,3907550866636.8345,5799412814421.154,11122047232730.234,17062487795388.23,18311292892727.605,9626813586284.21,23198523158165.5,29086199873727.15,51622946575578.96,158.0,224.7,554.0,846.0,933.6666666666666,599.6499094379061,1203.75,1727.400000000001,3000.0,1.0,1.0,1.0,1.0,1.0,0.0,1.0,1.0,1.0,100.0,100.0,100.0,100.0,100.0,0.0,100.0,100.0,100.0,0.0,0.0,0.0,0.0,0.0,0.0,0.0,0.0,0.0
144,51622946575578.96,51.62297657557896,51.42857142857142,51.62297657557896,30.00000000000189,0,0,591.6798745330088,3000,51622946.57557896,"[0.0, 51.62297657557896, -30.00000000000189, -0.0]",0.1,0.25,immediate,1,0,1.0,1.0,0,48,48,0,0,48,0,47,1,47,1,380.58999999999907,37047.61999999969,38059,3704762,13.123770500009414,1230.5700156000094,15.160462080904361,13.69047619047619,15.160462080904361,15160454.151945045,7.928958333333314,1.0,100.0,0.0,,,,,,,,3.4351239885602682,4.836394173758371,10.390617506844658,13.453990391322545,15.160462080904361,9.059088301125142,20.7374484198434,23.227406365530847,51.62297657557896,2.857142857142857,2.857142857142857,8.571428571428571,11.428571428571429,13.69047619047619,9.127933007955987,20.0,20.85714285714287,51.42857142857142,3.4351239885602682,4.836394173758371,10.390617506844658,13.453990391322545,15.160462080904361,9.059088301125142,20.7374484198434,23.227406365530847,51.62297657557896,1.6800000000000013,2.2879999999999954,4.764999999999943,7.169999999999892,7.928958333333314,5.410234606582831,8.777499999999858,11.553999999999812,30.00000000000189,33.51901303231716,45.94717659682501,94.1767608664959,141.00069882177922,150.4797282423092,99.98127953866307,188.9741167032953,221.07852483915582,591.6798745330088,3435119.138559268,4836392.22975737,10390614.069343658,13453985.291321544,15160454.151945045,9059083.58196345,20737438.8148424,23227396.985529844,51622946.57557896,3435119138559.268,4836392229757.37,10390614069343.658,13453985291321.543,15160454151945.047,9059083581963.453,20737438814842.4,23227396985529.848,51622946575578.96,168.0,228.8,476.5,717.0,792.8958333333334,541.0234606582591,877.75,1155.4000000000015,3000.0,1.0,1.0,1.0,1.0,1.0,0.0,1.0,1.0,1.0,100.0,100.0,100.0,100.0,100.0,0.0,100.0,100.0,100.0,0.0,0.0,0.0,0.0,0.0,0.0,0.0,0.0,0.0
145,64922287110184.55,64.92231369018555,62.857142857142854,64.92231369018555,26.580000000001355,0,1,744.9866726797336,2658,64922287.11018455,"[0.0, 64.92231369018555, -26.580000000001355, -1.0]",0.1,0.25,immediate,1,0,1.0,1.0,0,48,48,0,0,48,0,47,1,47,1,387.89999999999986,37435.51999999969,38790,3743552,12.992170199984685,1243.6382837999845,16.652925629131182,15.178571428571429,16.652925629131182,16652917.547880204,8.081249999999997,1.0,100.0,0.0,,,,,,,,1.5067400251116072,4.1085646493094305,10.221608025687082,13.833465576171875,16.652925629131182,11.956909414857883,20.948466573442733,27.605365726453293,64.92231369018555,0.0,2.857142857142857,8.571428571428571,11.428571428571429,15.178571428571429,11.997112039108059,20.0,25.71428571428571,62.857142857142854,1.5067400251116072,4.1085646493094305,10.221608025687082,13.833465576171875,16.652925629131182,11.956909414857883,20.948466573442733,27.605365726453293,64.92231369018555,1.5700000000000012,2.0899999999999994,3.744999999999964,7.3149999999998885,8.081249999999997,6.014958653571091,9.197499999999849,14.297999999999742,30.00000000000189,16.492695585868205,41.10400223338875,102.49352261982858,129.5148538760841,166.4058357856176,134.59453451971788,197.88183292299436,276.5418293876465,744.9866726797336,1506734.0051106072,4108563.0053084306,10221604.58318608,13833459.001170874,16652917.547880204,11956903.89494725,20948457.228441734,27605355.058452293,64922287.11018455,1506734005110.6072,4108563005308.4307,10221604583186.082,13833459001170.875,16652917547880.203,11956903894947.25,20948457228441.734,27605355058452.293,64922287110184.55,157.0,209.0,374.5,731.5,808.125,601.4958653570835,919.75,1429.8000000000002,3000.0,1.0,1.0,1.0,1.0,1.0,0.0,1.0,1.0,1.0,100.0,100.0,100.0,100.0,100.0,0.0,100.0,100.0,100.0,0.0,0.0,0.0,0.0,0.0,0.0,0.0,0.0,0.0
146,65145216228387.67,65.14524459838867,62.857142857142854,65.14524459838867,28.370000000001635,0,1,717.8389813105168,2837,65145216.22838767,"[0.0, 65.14524459838867, -28.370000000001635, -1.0]",0.1,0.25,immediate,1,0,1.0,1.0,0,48,48,0,0,48,0,47,1,47,1,436.96000000000083,37872.47999999969,43696,3787248,14.791011399996933,1258.504813699983,16.984662195875625,15.416666666666666,16.984662195875625,16984653.092541315,9.103333333333351,1.0,100.0,0.0,,,,,,,,2.9785265241350443,5.401342119489398,10.212490899222237,13.897081102643693,16.984662195875625,13.112611206188177,20.77997412000384,27.20725583662706,65.14524459838867,2.857142857142857,2.857142857142857,8.571428571428571,11.428571428571429,15.416666666666666,13.257517227541088,20.0,25.71428571428571,62.857142857142854,2.9785265241350443,5.401342119489398,10.212490899222237,13.897081102643693,16.984662195875625,13.112611206188177,20.77997412000384,27.20725583662706,65.14524459838867,1.8100000000000014,2.257999999999996,4.819999999999942,8.029999999999873,9.103333333333351,6.4360933198817625,10.209999999999827,14.27299999999974,30.00000000000189,37.63780274987221,47.08847778812051,98.42793363799137,137.7787297675677,171.8483311627715,149.22072200762454,194.20781203068327,289.723030092106,744.9866726797336,2978522.9041340444,5401340.032488398,10212482.994221237,13897075.447642693,16984653.092541315,13112605.612518758,20779965.89750284,27207238.63562606,65145216.22838767,2978522904134.0444,5401340032488.397,10212482994221.236,13897075447642.693,16984653092541.314,13112605612518.76,20779965897502.84,27207238635626.062,65145216228387.67,181.0,225.8,482.0,803.0,910.3333333333334,643.6093319881419,1021.0,1427.3,3000.0,1.0,1.0,1.0,1.0,1.0,0.0,1.0,1.0,1.0,100.0,100.0,100.0,100.0,100.0,0.0,100.0,100.0,100.0,0.0,0.0,0.0,0.0,0.0,0.0,0.0,0.0,0.0
147,65303754527179.52,65.30377796718052,62.857142857142854,65.30377796718052,23.440000000000865,0,1,789.3594473715202,2344,65303754.527179524,"[0.0, 65.30377796718052, -23.440000000000865, -1.0]",0.1,0.25,immediate,1,0,1.0,1.0,0,48,48,0,0,48,0,48,0,48,0,393.0600000000016,38265.539999999695,39306,3826554,13.789492899959441,1272.3670292999595,18.554359365765837,16.78571428571429,18.554359365765837,18554351.17701484,8.188750000000033,1.0,100.0,0.0,,,,,,,,3.9558792114257812,4.440985543387277,10.656141553606306,16.86537061418806,18.554359365765837,15.388802683804585,20.582306044442312,25.235792074582513,65.30377796718052,2.857142857142857,2.857142857142857,8.571428571428571,14.285714285714285,16.78571428571429,15.348834962103071,20.0,22.57142857142861,62.857142857142854,3.9558792114257812,4.440985543387277,10.656141553606306,16.86537061418806,18.554359365765837,15.388802683804585,20.582306044442312,25.235792074582513,65.30377796718052,1.5900000000000012,2.0189999999999992,3.602499999999967,7.514999999999884,8.188750000000033,6.5016813931093544,8.744999999999859,14.3909999999998,29.010000000001735,30.785884968936443,44.7512273076165,102.71952961757779,155.4817504829516,187.92458034591195,179.13316663568213,193.9492265326262,240.54444501279622,789.3594473715202,3955877.621424781,4440983.783386277,10656136.548605306,16865363.339187056,18554351.17701484,15388796.53819149,20582297.416941315,25235780.896581512,65303754.527179524,3955877621424.7812,4440983783386.276,10656136548605.307,16865363339187.059,18554351177014.84,15388796538191.49,20582297416941.312,25235780896581.51,65303754527179.52,159.0,201.9,360.25,751.5,818.875,650.1681393109017,874.5,1439.1000000000015,2901.0,1.0,1.0,1.0,1.0,1.0,0.0,1.0,1.0,1.0,100.0,100.0,100.0,100.0,100.0,0.0,100.0,100.0,100.0,0.0,0.0,0.0,0.0,0.0,0.0,0.0,0.0,0.0
148,65303754527179.52,65.30377796718052,62.857142857142854,65.30377796718052,23.440000000000865,0,1,789.3594473715202,2344,65303754.527179524,"[0.0, 65.30377796718052, -23.440000000000865, -1.0]",0.1,0.25,immediate,1,0,1.0,1.0,0,48,48,0,0,48,0,47,1,47,1,424.52000000000305,38690.0599999997,42452,3869006,16.498332899995148,1288.9396818999667,20.050182793637408,18.392857142857142,20.050182793637408,20050173.949469764,8.84416666666673,1.0,100.0,0.0,,,,,,,,2.6982879638671875,7.614766802106587,11.364547184535436,15.818116324288503,20.050182793637408,15.304024244499647,20.739602361406597,32.97344698224751,65.30377796718052,0.0,6.857142857142858,8.571428571428571,14.285714285714285,18.392857142857142,15.173668675980617,20.0,30.28571428571431,62.857142857142854,2.6982879638671875,7.614766802106587,11.364547184535436,15.818116324288503,20.050182793637408,15.304024244499647,20.739602361406597,32.97344698224751,65.30377796718052,1.5100000000000011,3.383999999999972,4.057499999999958,7.304999999999889,8.84416666666673,7.166621947535284,9.004999999999853,18.928000000000186,30.00000000000189,18.03985849354649,83.05479387449451,114.60236944444478,150.8815084577691,206.5764498994948,184.03551874396987,199.347512434877,338.1690918611984,795.5459548239596,2698285.9638661877,7614756.036105586,11364540.617034435,15818109.974287506,20050173.949469764,15304018.38322064,20739594.3814056,32973430.086246505,65303754.527179524,2698285963866.1875,7614756036105.586,11364540617034.436,15818109974287.504,20050173949469.76,15304018383220.637,20739594381405.598,32973430086246.508,65303754527179.52,151.0,338.4,405.75,730.5,884.4166666666666,716.6621947534899,900.5,1892.8000000000027,3000.0,1.0,1.0,1.0,1.0,1.0,0.0,1.0,1.0,1.0,100.0,100.0,100.0,100.0,100.0,0.0,100.0,100.0,100.0,0.0,0.0,0.0,0.0,0.0,0.0,0.0,0.0,0.0
149,65784553818046.555,65.78457964804755,65.71428571428571,65.78457964804755,25.830000000001238,0,1,749.0897595135248,2583,65784553.818046555,"[0.0, 65.78457964804755, -25.830000000001238, -1.0]",0.1,0.25,immediate,1,0,1.0,1.0,0,48,48,0,0,48,0,48,0,48,0,386.3000000000028,39076.3599999997,38630,3907636,15.464240200002678,1304.4886830999749,20.144277132890895,18.392857142857142,20.144277132890895,20144269.084973227,8.047916666666724,1.0,100.0,0.0,,,,,,,,4.848218645368304,8.807080405099052,13.481337683541435,14.703786032540457,20.144277132890895,15.060075614182674,21.11463819231306,33.07274246517285,65.78457964804755,2.857142857142857,7.714285714285714,11.428571428571429,12.857142857142858,18.392857142857142,15.207255809372729,20.0,32.2857142857143,65.71428571428571,4.848218645368304,8.807080405099052,13.481337683541435,14.703786032540457,20.144277132890895,15.060075614182674,21.11463819231306,33.07274246517285,65.78457964804755,1.9100000000000015,2.9869999999999806,3.9549999999999597,5.979999999999917,8.047916666666724,6.732627631645276,8.869999999999855,19.982000000000344,28.85000000000171,40.94193687289953,79.40715002045036,122.53817125729802,139.31708301231265,203.1097793022985,182.01034466652257,197.30090817683595,349.36159997974335,789.3594473715202,4848216.735367304,8807077.418098051,13481333.471040435,14703780.197539456,20144269.084973227,15060069.230402138,21114629.694812056,33072727.62417185,65784553.818046555,4848216735367.304,8807077418098.05,13481333471040.434,14703780197539.457,20144269084973.23,15060069230402.14,21114629694812.055,33072727624171.85,65784553818046.555,191.0,298.70000000000005,395.5,598.0,804.7916666666666,673.2627631644935,887.0,1998.200000000002,2885.0,1.0,1.0,1.0,1.0,1.0,0.0,1.0,1.0,1.0,100.0,100.0,100.0,100.0,100.0,0.0,100.0,100.0,100.0,0.0,0.0,0.0,0.0,0.0,0.0,0.0,0.0,0.0
150,66061781558759.67,66.06180444876067,65.71428571428571,66.06180444876067,22.89000000000078,0,1,764.6424941664445,2289,66061781.558759674,"[0.0, 66.06180444876067, -22.89000000000078, -1.0]",0.1,0.25,immediate,1,0,1.0,1.0,0,48,48,0,0,48,0,47,1,47,1,459.0900000000049,39535.449999999706,45909,3953545,16.835597399971448,1321.3937634999747,22.44043988431336,20.95238095238095,22.44043988431336,22440430.31993738,9.564375000000103,1.0,100.0,0.0,,,,,,,,3.73291015625,5.8852419172014505,11.452766827174596,20.251220975603374,22.44043988431336,17.16498206980643,21.97822434561593,56.71482930864612,66.06180444876067,2.857142857142857,5.714285714285714,10.714285714285715,20.0,20.95238095238095,17.19568579549313,20.0,54.857142857142904,65.71428571428571,3.73291015625,5.8852419172014505,11.452766827174596,20.251220975603374,22.44043988431336,17.16498206980643,21.97822434561593,56.71482930864612,66.06180444876067,1.5100000000000011,2.258999999999996,4.43999999999995,8.034999999999872,9.564375000000103,7.422518638758313,9.359999999999845,23.055000000000806,30.00000000000189,28.439942851662636,53.37860191389918,111.5781875603243,186.39744703000179,230.35909759432994,207.6994089947036,199.89401768592143,663.4986088345515,789.3594473715202,3732908.646249,5885239.65820045,11452762.429673595,20251212.30560238,22440430.31993738,17164975.237946674,21978216.220614932,56714804.06064512,66061781.558759674,3732908646249.0,5885239658200.45,11452762429673.596,20251212305602.375,22440430319937.383,17164975237946.674,21978216220614.934,56714804060645.12,66061781558759.67,151.0,225.9,444.0,803.5,956.4375,742.2518638757894,936.0,2305.5000000000005,3000.0,1.0,1.0,1.0,1.0,1.0,0.0,1.0,1.0,1.0,100.0,100.0,100.0,100.0,100.0,0.0,100.0,100.0,100.0,0.0,0.0,0.0,0.0,0.0,0.0,0.0,0.0,0.0
151,66061781558759.67,66.06180444876067,65.71428571428571,66.06180444876067,22.89000000000078,0,1,764.6424941664445,2289,66061781.558759674,"[0.0, 66.06180444876067, -22.89000000000078, -1.0]",0.1,0.25,immediate,1,0,1.0,1.0,0,48,48,0,0,48,0,47,1,47,1,521.5100000000083,40056.959999999715,52151,4005696,17.119155999971554,1338.5819580999669,27.206503055331968,25.53571428571429,27.206503055331968,27206492.19053933,10.86479166666684,1.0,100.0,0.0,,,,,,,,3.8700812203543524,8.034821374075754,12.31928825378418,20.927178519112722,27.206503055331968,21.49766095857542,27.595614625890196,65.15771784101214,66.06180444876067,2.857142857142857,7.714285714285714,11.428571428571429,20.0,25.53571428571429,21.471435303994127,26.428571428571427,62.857142857142854,65.71428571428571,3.8700812203543524,8.034821374075754,12.31928825378418,20.927178519112722,27.206503055331968,21.49766095857542,27.595614625890196,65.15771784101214,66.06180444876067,1.5600000000000012,2.863999999999983,6.482499999999906,8.294999999999867,10.86479166666684,8.090190302043062,10.862499999999812,25.021000000001116,30.00000000000189,29.896889969706535,78.51212247386576,120.04103953617414,189.64958951941298,287.4205155459288,261.6293247627346,275.48538189319333,753.4591597085346,785.8468759705502,3870079.6603533523,8034818.510074754,12319279.223783178,20927169.839111723,27206492.19053933,21497653.047751147,27595604.220889196,65157693.702011146,66061781.558759674,3870079660353.3525,8034818510074.754,12319279223783.18,20927169839111.723,27206492190539.33,21497653047751.145,27595604220889.195,65157693702011.15,66061781558759.67,156.0,286.40000000000003,648.25,829.5,1086.4791666666667,809.0190302042585,1086.25,2502.1000000000004,3000.0,1.0,1.0,1.0,1.0,1.0,0.0,1.0,1.0,1.0,100.0,100.0,100.0,100.0,100.0,0.0,100.0,100.0,100.0,0.0,0.0,0.0,0.0,0.0,0.0,0.0,0.0,0.0
152,66061781558759.67,66.06180444876067,65.71428571428571,66.06180444876067,22.89000000000078,0,1,764.6424941664445,2289,66061781.558759674,"[0.0, 66.06180444876067, -22.89000000000078, -1.0]",0.1,0.25,immediate,1,0,1.0,1.0,0,48,48,0,0,48,0,48,0,48,0,413.9500000000002,40470.90999999971,41395,4047091,14.057555600011256,1352.7209784999723,21.135218995774004,19.46428571428571,21.135218995774004,21135210.37181467,8.623958333333338,1.0,100.0,0.0,,,,,,,,4.1274533952985495,8.363845825195312,13.060078620910643,16.23157501220703,21.135218995774004,16.02241851956894,21.825193677629745,38.13336983406282,66.06180444876067,2.857142857142857,6.857142857142858,11.428571428571429,14.285714285714285,19.46428571428571,16.16934457798561,20.0,36.00000000000014,65.71428571428571,4.1274533952985495,8.363845825195312,13.060078620910643,16.23157501220703,21.135218995774004,16.02241851956894,21.825193677629745,38.13336983406282,66.06180444876067,1.6500000000000012,2.9009999999999825,4.542499999999947,7.3149999999998885,8.623958333333338,5.9356264551379345,10.157499999999828,19.036000000000186,25.830000000001238,32.59670104086399,79.57729572653771,122.51674900535727,149.43978096867795,215.5602237703133,193.34223258577725,213.01267063869454,425.5071953918535,764.6424941664445,4127451.7452975493,8363840.439194313,13060073.358409643,16231567.517206032,21135210.37181467,16022412.831324765,21825183.95012874,38133350.79806182,66061781.558759674,4127451745297.5493,8363840439194.314,13060073358409.643,16231567517206.031,21135210371814.668,16022412831324.766,21825183950128.742,38133350798061.82,66061781558759.67,165.0,290.1,454.25,731.5,862.3958333333334,593.5626455137701,1015.75,1903.600000000001,2583.0,1.0,1.0,1.0,1.0,1.0,0.0,1.0,1.0,1.0,100.0,100.0,100.0,100.0,100.0,0.0,100.0,100.0,100.0,0.0,0.0,0.0,0.0,0.0,0.0,0.0,0.0,0.0
153,66061781558759.67,66.06180444876067,65.71428571428571,66.06180444876067,22.89000000000078,0,1,764.6424941664445,2289,66061781.558759674,"[0.0, 66.06180444876067, -22.89000000000078, -1.0]",0.1,0.25,immediate,1,0,1.0,1.0,0,48,48,0,0,48,0,46,2,46,2,532.6000000000047,41003.50999999972,53260,4100351,18.373214399965946,1371.1658078999608,23.76327651382464,22.26190476190476,23.76327651382464,23763265.417990353,11.095833333333431,1.0,100.0,0.0,,,,,,,,4.012887137276786,10.336230959211077,13.95439420427595,21.020778928484237,23.76327651382464,15.04512127400607,27.49989158346648,38.42591667175294,66.06180444876067,2.857142857142857,8.571428571428571,11.428571428571429,20.0,22.26190476190476,15.140592073782027,25.71428571428571,37.142857142857146,65.71428571428571,4.012887137276786,10.336230959211077,13.95439420427595,21.020778928484237,23.76327651382464,15.04512127400607,27.49989158346648,38.42591667175294,66.06180444876067,2.0300000000000007,3.47199999999997,6.467499999999907,9.239999999999847,11.095833333333431,7.3681278245491235,12.769999999999772,23.328000000000852,30.00000000000189,31.47949798119953,100.93153497576714,127.75722927715105,192.90908730707451,245.95401969217437,181.62286078396232,281.4164300251141,430.30625720846825,767.5871177845256,4012884.4872757858,10336227.487210076,13954386.00427495,21020770.553483237,23763265.417990353,15045115.366714707,27499879.193465482,38425893.60575194,66061781.558759674,4012884487275.7856,10336227487210.076,13954386004274.95,21020770553483.234,23763265417990.348,15045115366714.707,27499879193465.48,38425893605751.94,66061781558759.67,203.0,347.2,646.75,924.0,1109.5833333333333,736.8127824548709,1277.0,2332.8000000000006,3000.0,1.0,1.0,1.0,1.0,1.0,0.0,1.0,1.0,1.0,100.0,100.0,100.0,100.0,100.0,0.0,100.0,100.0,100.0,0.0,0.0,0.0,0.0,0.0,0.0,0.0,0.0,0.0
154,66061781558759.67,66.06180444876067,65.71428571428571,66.06180444876067,22.89000000000078,0,1,764.6424941664445,2289,66061781.558759674,"[0.0, 66.06180444876067, -22.89000000000078, -1.0]",0.1,0.25,immediate,1,0,1.0,1.0,0,48,48,0,0,48,0,48,0,48,0,504.30000000000564,41507.80999999972,50430,4150781,18.856609200011007,1390.0897036999813,22.439405309690084,20.89285714285714,22.439405309690084,22439394.80343908,10.506250000000117,1.0,100.0,0.0,,,,,,,,3.9544568743024553,5.791896820068359,12.972493171691895,14.725268227713448,22.439405309690084,18.073947022641377,27.63472198599137,64.93063000270298,66.06180444876067,2.857142857142857,5.714285714285714,11.428571428571429,14.285714285714285,20.89285714285714,18.005632622111587,25.71428571428571,62.857142857142854,65.71428571428571,3.9544568743024553,5.791896820068359,12.972493171691895,14.725268227713448,22.439405309690084,18.073947022641377,27.63472198599137,64.93063000270298,66.06180444876067,1.5900000000000012,2.259999999999996,4.809999999999942,8.18499999999987,10.506250000000117,7.6832197094820165,11.799999999999793,24.512000000001038,27.96000000000157,30.786235079169273,52.73953402489424,119.08382330617678,143.72248496661632,235.50309236092394,217.88080967224587,277.35387721162624,741.2241180968391,811.1745382625086,3954455.284301455,5791894.5780673595,12972484.736690894,14725262.217712447,22439394.80343908,18073940.03829958,27634710.08349037,64930602.55570199,66061781.558759674,3954455284301.455,5791894578067.359,12972484736690.895,14725262217712.447,22439394803439.082,18073940038299.58,27634710083490.37,64930602555701.99,66061781558759.67,159.0,226.0,481.0,818.5,1050.625,768.3219709481609,1180.0,2451.2000000000003,2796.0,1.0,1.0,1.0,1.0,1.0,0.0,1.0,1.0,1.0,100.0,100.0,100.0,100.0,100.0,0.0,100.0,100.0,100.0,0.0,0.0,0.0,0.0,0.0,0.0,0.0,0.0,0.0
155,66061781558759.67,66.06180444876067,65.71428571428571,66.06180444876067,22.89000000000078,0,1,764.6424941664445,2289,66061781.558759674,"[0.0, 66.06180444876067, -22.89000000000078, -1.0]",0.1,0.25,immediate,1,0,1.0,1.0,0,48,48,0,0,48,0,48,0,48,0,569.1300000000106,42076.93999999973,56913,4207694,20.091727099963464,1410.2498741999734,24.361326283082207,22.85714285714286,24.361326283082207,24361314.426206205,11.85687500000022,1.0,100.0,0.0,,,,,,,,3.984543936593192,5.8082073756626675,11.148552894592285,20.489978790283203,24.361326283082207,18.363481328197373,31.428571428571427,60.56304551285069,66.06180444876067,2.857142857142857,4.857142857142858,8.571428571428571,20.0,22.85714285714286,18.543935693924528,31.428571428571427,58.857142857142875,65.71428571428571,3.984543936593192,5.8082073756626675,11.148552894592285,20.489978790283203,24.361326283082207,18.363481328197373,31.428571428571427,60.56304551285069,66.06180444876067,1.6000000000000012,2.241999999999996,3.8799999999999613,9.194999999999848,11.85687500000022,8.836535698510476,19.32750000000022,25.986000000001265,29.17000000000176,31.084745347499847,52.737637131661174,104.803217202425,191.8411873786099,259.09436317037745,220.0143814662884,343.6911980410241,723.5473442774987,764.6424941664445,3984542.336592192,5808205.133661667,11148549.404591287,20489970.0052822,24361314.426206205,18363473.605754077,31428544.691070426,60563018.67684969,66061781.558759674,3984542336592.192,5808205133661.667,11148549404591.285,20489970005282.203,24361314426206.203,18363473605754.08,31428544691070.426,60563018676849.695,66061781558759.67,160.0,224.2,388.0,919.5,1185.6875,883.6535698510003,1932.75,2598.6000000000004,2917.0,1.0,1.0,1.0,1.0,1.0,0.0,1.0,1.0,1.0,100.0,100.0,100.0,100.0,100.0,0.0,100.0,100.0,100.0,0.0,0.0,0.0,0.0,0.0,0.0,0.0,0.0,0.0
156,66061781558759.67,66.06180444876067,65.71428571428571,66.06180444876067,22.89000000000078,0,1,764.6424941664445,2289,66061781.558759674,"[0.0, 66.06180444876067, -22.89000000000078, -1.0]",0.1,0.25,immediate,1,0,1.0,1.0,0,48,48,0,0,48,0,46,2,46,2,578.9600000000069,42655.89999999974,57896,4265590,19.07312869996531,1429.3919672999764,23.765155598543004,22.5,23.765155598543004,23765143.536875382,12.06166666666681,1.0,100.0,0.0,,,,,,,,3.4924915858677457,5.756937299455916,13.033643450055802,20.859795979091103,23.765155598543004,16.442448723599163,30.611377228727072,48.587825605098026,66.06180444876067,2.857142857142857,5.714285714285714,11.428571428571429,20.0,22.5,16.4195109591015,28.57142857142857,47.42857142857145,65.71428571428571,3.4924915858677457,5.756937299455916,13.033643450055802,20.859795979091103,23.765155598543004,16.442448723599163,30.611377228727072,48.587825605098026,66.06180444876067,1.420000000000001,2.2169999999999965,7.332499999999888,8.914999999999853,12.06166666666681,7.902676585956726,18.842500000000147,22.980000000000793,30.00000000000189,25.894009582698345,51.80479049831629,144.20273261021066,192.26445776529727,250.42259532913386,192.18984220547003,304.95906049220866,556.8827382439824,764.6424941664445,3492490.1658667456,5756935.082454916,13033633.067554802,20859788.3390901,23765143.536875382,16442442.085645434,30611356.14372607,48587795.605098024,66061781.558759674,3492490165866.7456,5756935082454.916,13033633067554.803,20859788339090.1,23765143536875.38,16442442085645.434,30611356143726.07,48587795605098.02,66061781558759.67,142.0,221.7,733.25,891.5,1206.1666666666667,790.2676585956319,1884.25,2298.0,3000.0,1.0,1.0,1.0,1.0,1.0,0.0,1.0,1.0,1.0,100.0,100.0,100.0,100.0,100.0,0.0,100.0,100.0,100.0,0.0,0.0,0.0,0.0,0.0,0.0,0.0,0.0,0.0
157,66061781558759.67,66.06180444876067,65.71428571428571,66.06180444876067,22.89000000000078,0,1,764.6424941664445,2289,66061781.558759674,"[0.0, 66.06180444876067, -22.89000000000078, -1.0]",0.1,0.25,immediate,1,0,1.0,1.0,0,48,48,0,0,48,0,48,0,48,0,547.8400000000045,43203.73999999974,54784,4320374,19.39120399998501,1448.8550588999642,23.448380442050382,21.84523809523809,23.448380442050382,23448369.028716046,11.413333333333426,1.0,100.0,0.0,,,,,,,,2.653405325753348,5.523419516427177,11.345148086547852,16.198060171944753,23.448380442050382,17.442921048149795,31.440708744863525,47.45814677647193,66.06180444876067,0.0,2.857142857142857,8.571428571428571,14.285714285714285,21.84523809523809,17.732801223411514,31.428571428571427,44.85714285714297,65.71428571428571,2.653405325753348,5.523419516427177,11.345148086547852,16.198060171944753,23.448380442050382,17.442921048149795,31.440708744863525,47.45814677647193,66.06180444876067,1.6600000000000013,2.1389999999999985,5.7874999999999215,9.494999999999841,11.413333333333426,7.515209115890295,17.932500000000005,23.295000000000847,29.69000000000184,17.649817477271426,48.949381408840416,129.29348195662533,151.78562969868653,254.30708547748432,208.03106133776342,345.3234817329703,538.58268375627,789.1481679566205,2653403.2357523483,5523417.377426176,11345140.859046854,16198053.921943754,23448369.028716046,17442914.338925283,31440693.854862522,47458118.72147093,66061781.558759674,2653403235752.348,5523417377426.177,11345140859046.852,16198053921943.754,23448369028716.05,17442914338925.285,31440693854862.523,47458118721470.93,66061781558759.67,166.0,213.9,578.75,949.5,1141.3333333333333,751.520911588996,1793.25,2329.5000000000005,2969.0,1.0,1.0,1.0,1.0,1.0,0.0,1.0,1.0,1.0,100.0,100.0,100.0,100.0,100.0,0.0,100.0,100.0,100.0,0.0,0.0,0.0,0.0,0.0,0.0,0.0,0.0,0.0
158,66061781558759.67,66.06180444876067,65.71428571428571,66.06180444876067,22.89000000000078,0,1,764.6424941664445,2289,66061781.558759674,"[0.0, 66.06180444876067, -22.89000000000078, -1.0]",0.1,0.25,immediate,1,0,1.0,1.0,0,48,48,0,0,48,0,48,0,48,0,515.0300000000022,43718.76999999974,51503,4371877,16.81051280000247,1465.7339005999966,22.864558633462007,21.428571428571427,22.864558633462007,22864547.903669346,10.729791666666713,1.0,100.0,0.0,,,,,,,,3.9570399693080356,5.212209974016462,11.491997582571848,17.2296142578125,22.864558633462007,17.16036526608538,30.642285042269204,46.03757667541516,66.06180444876067,2.857142857142857,2.857142857142857,10.714285714285715,17.142857142857142,21.428571428571427,17.251638983558856,28.57142857142857,44.85714285714297,65.71428571428571,3.9570399693080356,5.212209974016462,11.491997582571848,17.2296142578125,22.864558633462007,17.16036526608538,30.642285042269204,46.03757667541516,66.06180444876067,1.5900000000000012,2.0310000000000006,4.394999999999951,9.15999999999985,10.729791666666713,7.136673329121941,16.35249999999976,22.137000000000665,24.980000000001105,30.786116033792496,45.09566646143794,124.3492731277347,177.8192240936405,242.38288024234134,205.70095400247178,305.13718876520215,510.577016938421,782.3881112194722,3957038.379307036,5212207.943015462,11491988.485070847,17229606.0428115,22864547.903669346,17160358.994317766,30642265.7222682,46037555.90741415,66061781.558759674,3957038379307.0356,5212207943015.462,11491988485070.848,17229606042811.5,22864547903669.344,17160358994317.768,30642265722268.203,46037555907414.16,66061781558759.67,159.0,203.1,439.5,916.0,1072.9791666666667,713.6673329121716,1635.25,2213.7000000000003,2498.0,1.0,1.0,1.0,1.0,1.0,0.0,1.0,1.0,1.0,100.0,100.0,100.0,100.0,100.0,0.0,100.0,100.0,100.0,0.0,0.0,0.0,0.0,0.0,0.0,0.0,0.0,0.0
159,66061781558759.67,66.06180444876067,65.71428571428571,66.06180444876067,22.89000000000078,0,1,764.6424941664445,2289,66061781.558759674,"[0.0, 66.06180444876067, -22.89000000000078, -1.0]",0.1,0.25,immediate,1,0,1.0,1.0,0,48,48,0,0,48,0,48,0,48,0,505.0399999999996,44223.80999999974,50504,4422381,16.51957649999531,1482.3226962999906,21.23709283545547,19.761904761904763,21.23709283545547,21237082.313787807,10.52166666666666,1.0,100.0,0.0,,,,,,,,3.9041900634765625,8.364879335675921,12.379814556666783,15.365423474993024,21.23709283545547,15.114557808592727,28.309621951357027,34.95913019580428,66.06180444876067,2.857142857142857,6.857142857142858,11.428571428571429,14.285714285714285,19.761904761904763,15.362217692322416,26.428571428571427,34.000000000000036,65.71428571428571,3.9041900634765625,8.364879335675921,12.379814556666783,15.365423474993024,21.23709283545547,15.114557808592727,28.309621951357027,34.95913019580428,66.06180444876067,1.5700000000000012,2.956999999999981,7.1524999999998915,9.314999999999845,10.52166666666666,6.242099784705856,13.34249999999976,21.16400000000051,25.820000000001237,30.192415706813335,82.61058847755194,133.28380395386557,153.0684013544742,226.63424426562037,178.8254477038263,286.78760382107976,405.70500556823924,782.3881112194722,3904188.4934755624,8364876.3786749225,12379802.396665782,15365418.449992023,21237082.313787807,15114552.40414705,28309609.81885603,34959111.51780328,66061781.558759674,3904188493475.5625,8364876378674.922,12379802396665.783,15365418449992.023,21237082313787.8,15114552404147.05,28309609818856.03,34959111517803.28,66061781558759.67,157.0,295.70000000000005,715.25,931.5,1052.1666666666667,624.2099784705641,1334.25,2116.4,2582.0,1.0,1.0,1.0,1.0,1.0,0.0,1.0,1.0,1.0,100.0,100.0,100.0,100.0,100.0,0.0,100.0,100.0,100.0,0.0,0.0,0.0,0.0,0.0,0.0,0.0,0.0,0.0
160,66061781558759.67,66.06180444876067,65.71428571428571,66.06180444876067,22.89000000000078,0,1,764.6424941664445,2289,66061781.558759674,"[0.0, 66.06180444876067, -22.89000000000078, -1.0]",0.1,0.25,immediate,1,0,1.0,1.0,0,48,48,0,0,48,0,47,1,47,1,468.8200000000039,44692.62999999975,46882,4469263,16.19569279998541,1498.595978599973,20.445914670562264,18.988095238095237,20.445914670562264,20445904.90347795,9.767083333333415,1.0,100.0,0.0,,,,,,,,4.012669154575893,5.74203600202288,12.132078579493932,15.8458982195173,20.445914670562264,15.500631491692662,23.185564449855256,42.355509548503605,66.06180444876067,2.857142857142857,5.714285714285714,11.428571428571429,14.285714285714285,18.988095238095237,15.391595720420336,20.714285714285715,40.0,65.71428571428571,4.012669154575893,5.74203600202288,12.132078579493932,15.8458982195173,20.445914670562264,15.500631491692662,23.185564449855256,42.355509548503605,66.06180444876067,1.6100000000000012,2.203999999999997,4.547499999999948,8.039999999999873,9.767083333333415,7.303324858792802,10.429999999999822,23.247000000000835,30.00000000000189,31.38527849316597,51.32338828742504,123.2717507838588,150.23727103056444,212.51419652576396,183.24935107664984,220.97463322923795,455.05194642624554,782.3881112194722,4012667.544574893,5742033.78402188,12132069.726992933,15845891.2395163,20445904.90347795,15500625.168378256,23185555.24985426,42355485.41050261,66061781.558759674,4012667544574.893,5742033784021.88,12132069726992.932,15845891239516.3,20445904903477.95,15500625168378.256,23185555249854.258,42355485410502.61,66061781558759.67,161.0,220.4,454.75,804.0,976.7083333333334,730.3324858792436,1043.0,2324.7,3000.0,1.0,1.0,1.0,1.0,1.0,0.0,1.0,1.0,1.0,100.0,100.0,100.0,100.0,100.0,0.0,100.0,100.0,100.0,0.0,0.0,0.0,0.0,0.0,0.0,0.0,0.0,0.0
161,66061781558759.67,66.06180444876067,65.71428571428571,66.06180444876067,22.89000000000078,0,1,764.6424941664445,2289,66061781.558759674,"[0.0, 66.06180444876067, -22.89000000000078, -1.0]",0.1,0.25,immediate,1,0,1.0,1.0,0,48,48,0,0,48,0,48,0,48,0,502.5500000000021,45195.17999999975,50255,4519518,16.39311430003727,1515.0587001999957,23.680928892393357,22.20238095238095,23.680928892393357,23680918.422600698,10.46979166666671,1.0,100.0,0.0,,,,,,,,5.054969787597656,5.8736163548060825,13.90343257359096,17.064342498779297,23.680928892393357,17.94076391615755,27.584613239504037,60.661326825619355,66.06180444876067,2.857142857142857,5.714285714285714,11.428571428571429,14.285714285714285,22.20238095238095,17.94018390130654,25.71428571428571,58.857142857142875,65.71428571428571,5.054969787597656,5.8736163548060825,13.90343257359096,17.064342498779297,23.680928892393357,17.94076391615755,27.584613239504037,60.661326825619355,66.06180444876067,1.9700000000000015,2.2719999999999954,6.8074999999999,8.569999999999862,10.46979166666671,6.687848897311267,11.89249999999979,22.813000000000766,24.980000000001105,42.9801205098629,53.86658572033048,129.17819736519596,161.54590289215048,251.01052405389115,218.47916699063407,278.3530312660605,732.3439306167247,786.0502470625725,5054967.817596656,5873614.082805082,13903424.411089959,17064334.973778296,23680918.422600698,17940757.80134257,27584602.537003037,60661302.66161835,66061781.558759674,5054967817596.656,5873614082805.082,13903424411089.959,17064334973778.297,23680918422600.69,17940757801342.574,27584602537003.035,60661302661618.35,66061781558759.67,197.0,227.2,680.75,857.0,1046.9791666666667,668.7848897310994,1189.25,2281.3,2498.0,1.0,1.0,1.0,1.0,1.0,0.0,1.0,1.0,1.0,100.0,100.0,100.0,100.0,100.0,0.0,100.0,100.0,100.0,0.0,0.0,0.0,0.0,0.0,0.0,0.0,0.0,0.0
162,66061781558759.67,66.06180444876067,65.71428571428571,66.06180444876067,22.89000000000078,0,1,764.6424941664445,2289,66061781.558759674,"[0.0, 66.06180444876067, -22.89000000000078, -1.0]",0.1,0.25,immediate,1,0,1.0,1.0,0,48,48,0,0,48,0,47,1,47,1,540.9000000000065,45736.07999999976,54090,4573608,15.433881200035103,1530.5591226000106,25.5435177858712,23.80952380952381,25.5435177858712,25543506.517120216,11.268750000000134,1.0,100.0,0.0,,,,,,,,4.5815277099609375,5.628788539341518,13.367447853088379,15.331181117466517,25.5435177858712,20.840572305469475,28.88955273762911,65.57252938406808,66.06180444876067,2.857142857142857,2.857142857142857,11.428571428571429,14.285714285714285,23.80952380952381,21.135562877306807,27.14285714285714,62.857142857142854,65.71428571428571,4.5815277099609375,5.628788539341518,13.367447853088379,15.331181117466517,25.5435177858712,20.840572305469475,28.88955273762911,65.57252938406808,66.06180444876067,1.8100000000000014,2.1669999999999976,5.36999999999993,8.70499999999986,11.268750000000134,7.813367451842152,16.252499999999742,24.323000000001006,30.00000000000189,37.6382073238492,49.96260444670916,118.66919108976435,159.66889775884556,277.46143161054505,252.12925690049934,314.47302718846186,757.1243990508337,788.6390959707278,4581525.899959938,5628786.372340518,13367442.79308738,15331173.707465518,25543506.517120216,20840565.3556757,28889536.71762836,65572508.21906708,66061781.558759674,4581525899959.9375,5628786372340.519,13367442793087.379,15331173707465.518,25543506517120.22,20840565355675.7,28889536717628.36,65572508219067.08,66061781558759.67,181.0,216.7,537.0,870.5,1126.875,781.3367451841748,1625.25,2432.3,3000.0,1.0,1.0,1.0,1.0,1.0,0.0,1.0,1.0,1.0,100.0,100.0,100.0,100.0,100.0,0.0,100.0,100.0,100.0,0.0,0.0,0.0,0.0,0.0,0.0,0.0,0.0,0.0
163,66061781558759.67,66.06180444876067,65.71428571428571,66.06180444876067,22.89000000000078,0,1,764.6424941664445,2289,66061781.558759674,"[0.0, 66.06180444876067, -22.89000000000078, -1.0]",0.1,0.25,immediate,1,0,1.0,1.0,0,48,48,0,0,48,0,48,0,48,0,573.3600000000075,46309.43999999977,57336,4630944,19.18742980004754,1549.8219951000065,26.375825401372893,24.76190476190476,26.375825401372893,26375813.456371892,11.945000000000157,1.0,100.0,0.0,,,,,,,,4.2770603724888385,5.7656691414969305,13.178624425615585,20.428563526698525,26.375825401372893,19.5666327165148,30.10002931358117,64.88962636675154,66.06180444876067,2.857142857142857,5.714285714285714,11.428571428571429,20.0,24.76190476190476,19.677098582280365,28.57142857142857,62.857142857142854,65.71428571428571,4.2770603724888385,5.7656691414969305,13.178624425615585,20.428563526698525,26.375825401372893,19.5666327165148,30.10002931358117,64.88962636675154,66.06180444876067,1.7100000000000013,2.2199999999999966,7.23499999999989,9.774999999999835,11.945000000000157,7.9732380498770565,17.33249999999991,24.48300000000103,29.070000000001745,34.22838502377272,51.9044113561511,135.08673553064727,191.26374153211145,285.3415544872255,242.4569604753119,315.4679172984179,762.4054270431101,793.1662997791791,4277058.662487838,5765666.92149593,13178616.443114582,20428555.496697523,26375813.456371892,19566625.504568126,30100015.32608017,64889597.77975053,66061781.558759674,4277058662487.8384,5765666921495.931,13178616443114.584,20428555496697.523,26375813456371.89,19566625504568.125,30100015326080.17,64889597779750.54,66061781558759.67,171.0,222.0,723.5,977.5,1194.5,797.32380498766,1733.25,2448.3,2907.0,1.0,1.0,1.0,1.0,1.0,0.0,1.0,1.0,1.0,100.0,100.0,100.0,100.0,100.0,0.0,100.0,100.0,100.0,0.0,0.0,0.0,0.0,0.0,0.0,0.0,0.0,0.0
164,66061781558759.67,66.06180444876067,65.71428571428571,66.06180444876067,22.89000000000078,0,1,764.6424941664445,2289,66061781.558759674,"[0.0, 66.06180444876067, -22.89000000000078, -1.0]",0.1,0.25,immediate,1,0,1.0,1.0,0,48,48,0,0,48,0,46,2,46,2,564.6500000000084,46874.08999999978,56465,4687409,18.25881730002584,1568.2154533999856,26.007407845153892,24.76190476190476,26.007407845153892,26007396.081611264,11.76354166666684,1.0,100.0,0.0,,,,,,,,4.211850847516741,5.656176430838449,13.674128396170481,18.8770021711077,26.007407845153892,20.000681043950824,32.461920615612556,65.25637708391461,66.06180444876067,2.857142857142857,4.857142857142858,11.428571428571429,18.57142857142857,24.76190476190476,19.95175587155869,31.428571428571427,62.857142857142854,65.71428571428571,4.211850847516741,5.656176430838449,13.674128396170481,18.8770021711077,26.007407845153892,20.000681043950824,32.461920615612556,65.25637708391461,66.06180444876067,1.6800000000000013,2.202999999999997,5.4399999999999284,8.499999999999863,11.76354166666684,8.365023034832053,19.147500000000193,23.95800000000095,30.00000000000189,33.51867946982384,50.16662872135639,127.84516304008139,177.72262570238672,281.1380299540224,243.72689119885086,376.3195673562077,750.0457302474045,782.3881112194722,4211849.167515742,5656174.227837449,13674123.398669481,18876994.016106702,26007396.081611264,20000673.553180028,32461903.418111555,65256355.494913615,66061781.558759674,4211849167515.741,5656174227837.449,13674123398669.48,18876994016106.703,26007396081611.27,20000673553180.027,32461903418111.555,65256355494913.62,66061781558759.67,168.0,220.3,544.0,850.0,1176.3541666666667,836.5023034831637,1914.75,2395.8000000000006,3000.0,1.0,1.0,1.0,1.0,1.0,0.0,1.0,1.0,1.0,100.0,100.0,100.0,100.0,100.0,0.0,100.0,100.0,100.0,0.0,0.0,0.0,0.0,0.0,0.0,0.0,0.0,0.0
165,66061781558759.67,66.06180444876067,65.71428571428571,66.06180444876067,22.89000000000078,0,1,764.6424941664445,2289,66061781.558759674,"[0.0, 66.06180444876067, -22.89000000000078, -1.0]",0.1,0.25,immediate,1,0,1.0,1.0,0,48,48,0,0,48,0,48,0,48,0,503.20000000000005,47377.289999999775,50320,4737729,16.944325199991,1585.2310150999692,23.630736392936466,22.32142857142857,23.630736392936466,23630725.90960213,10.483333333333334,1.0,100.0,0.0,,,,,,,,3.9203153337751115,5.62779290335519,11.74454825265067,16.19717734200614,23.630736392936466,18.49346368928796,29.300900216927587,60.1880363426769,66.06180444876067,2.857142857142857,2.857142857142857,11.428571428571429,14.285714285714285,22.32142857142857,18.48566506580626,28.57142857142857,58.857142857142875,65.71428571428571,3.9203153337751115,5.62779290335519,11.74454825265067,16.19717734200614,23.630736392936466,18.49346368928796,29.300900216927587,60.1880363426769,66.06180444876067,1.6900000000000013,2.239999999999996,6.8224999999998985,8.859999999999856,10.483333333333334,6.245732320731064,12.847499999999771,20.61800000000043,24.980000000001105,30.374092764250236,49.635825080424546,116.72891450561656,157.7057552884471,254.35246742657728,223.4585495709546,307.55918049745196,698.0014206104696,782.3881112194722,3920312.813774111,5627790.7453541905,11744539.90264967,16197169.31200514,23630725.90960213,18493457.969102588,29300886.309426587,60188015.0796759,66061781.558759674,3920312813774.1113,5627790745354.19,11744539902649.67,16197169312005.14,23630725909602.125,18493457969102.586,29300886309426.59,60188015079675.9,66061781558759.67,169.0,224.0,682.25,886.0,1048.3333333333333,624.5732320730871,1284.75,2061.8,2498.0,1.0,1.0,1.0,1.0,1.0,0.0,1.0,1.0,1.0,100.0,100.0,100.0,100.0,100.0,0.0,100.0,100.0,100.0,0.0,0.0,0.0,0.0,0.0,0.0,0.0,0.0,0.0
166,66061781558759.67,66.06180444876067,65.71428571428571,66.06180444876067,22.89000000000078,0,1,764.6424941664445,2289,66061781.558759674,"[0.0, 66.06180444876067, -22.89000000000078, -1.0]",0.1,0.25,immediate,1,0,1.0,1.0,0,48,48,0,0,48,0,48,0,48,0,362.7400000000002,47740.02999999977,36274,4774003,11.372235000017099,1596.6701331000077,17.37284295143112,16.071428571428573,17.37284295143112,17372835.39434679,7.557083333333337,1.0,100.0,0.0,,,,,,,,3.7336621965680807,5.388304029192244,5.948636191231864,14.001083374023438,17.37284295143112,14.748598126971201,16.925269535609655,31.81230138178339,66.06180444876067,2.857142857142857,2.857142857142857,5.714285714285714,11.428571428571429,16.071428571428573,14.79594768939154,14.285714285714285,31.428571428571427,65.71428571428571,3.7336621965680807,5.388304029192244,5.948636191231864,14.001083374023438,17.37284295143112,14.748598126971201,16.925269535609655,31.81230138178339,66.06180444876067,1.5100000000000011,2.0929999999999995,2.427499999999992,6.819999999999899,7.557083333333337,6.182059715530982,8.767499999999858,17.85599999999999,24.980000000001105,28.439294025301933,47.297811050713065,54.73345439136028,132.14421221986413,178.03072787866236,176.8061941038037,161.9217353831682,361.73129682928493,782.3881112194722,3733660.6865670807,5388301.936191243,5948633.906230863,14001079.274022438,17372835.39434679,14748592.324750105,16925261.968108654,31812283.525782388,66061781.558759674,3733660686567.0806,5388301936191.243,5948633906230.863,14001079274022.438,17372835394346.787,14748592324750.105,16925261968108.654,31812283525782.39,66061781558759.67,151.0,209.3,242.75,682.0,755.7083333333334,618.205971553081,876.75,1785.6,2498.0,1.0,1.0,1.0,1.0,1.0,0.0,1.0,1.0,1.0,100.0,100.0,100.0,100.0,100.0,0.0,100.0,100.0,100.0,0.0,0.0,0.0,0.0,0.0,0.0,0.0,0.0,0.0
167,66061781558759.67,66.06180444876067,65.71428571428571,66.06180444876067,22.89000000000078,0,1,764.6424941664445,2289,66061781.558759674,"[0.0, 66.06180444876067, -22.89000000000078, -1.0]",0.1,0.25,immediate,1,0,1.0,1.0,0,48,48,0,0,48,0,48,0,48,0,431.70999999999884,48171.73999999977,43171,4817174,14.583684400015045,1611.3226606000098,20.074514003404307,18.749999999999996,20.074514003404307,20074505.009444978,8.993958333333309,1.0,100.0,0.0,,,,,,,,2.864581516810826,5.917305537632534,13.549273354666573,15.482025146484375,20.074514003404307,14.580394492725647,21.61492756434849,31.799355603621397,66.06180444876067,2.857142857142857,5.714285714285714,11.428571428571429,14.285714285714285,18.749999999999996,14.555853604294729,20.0,31.428571428571427,65.71428571428571,2.864581516810826,5.917305537632534,13.549273354666573,15.482025146484375,20.074514003404307,14.580394492725647,21.61492756434849,31.799355603621397,66.06180444876067,1.9900000000000015,2.290999999999995,4.357499999999952,7.70499999999988,8.993958333333309,5.850338572675291,10.199999999999827,18.619000000000113,24.980000000001105,19.491853433428332,54.58201337903738,127.63544255308807,149.2664927750593,210.2327118572933,174.45186796767155,211.5799353724051,358.2390603225577,782.3881112194722,2864579.456809826,5917303.246631534,13549268.407165572,15482018.286483377,20074505.009444978,14580389.478358146,21614917.646847494,31799337.4436204,66061781.558759674,2864579456809.826,5917303246631.534,13549268407165.572,15482018286483.375,20074505009444.973,14580389478358.145,21614917646847.492,31799337443620.395,66061781558759.67,199.0,229.1,435.75,770.5,899.3958333333334,585.0338572675137,1020.0,1861.9,2498.0,1.0,1.0,1.0,1.0,1.0,0.0,1.0,1.0,1.0,100.0,100.0,100.0,100.0,100.0,0.0,100.0,100.0,100.0,0.0,0.0,0.0,0.0,0.0,0.0,0.0,0.0,0.0
168,66061781558759.67,66.06180444876067,65.71428571428571,66.06180444876067,22.89000000000078,0,1,764.6424941664445,2289,66061781.558759674,"[0.0, 66.06180444876067, -22.89000000000078, -1.0]",0.1,0.25,immediate,1,0,1.0,1.0,0,48,48,0,0,48,0,48,0,48,0,541.2600000000026,48712.999999999774,54126,4871300,20.659785900032148,1632.06717200001,23.64400907083736,22.38095238095238,23.64400907083736,23643997.79458636,11.276250000000054,1.0,100.0,0.0,,,,,,,,3.6739676339285716,12.053439004080637,14.11966460091727,20.54217883518764,23.64400907083736,15.021545148001115,29.48502121179164,32.63078079682647,66.06180444876067,2.857142857142857,10.571428571428573,11.428571428571429,20.0,22.38095238095238,15.26782813512514,29.285714285714285,31.428571428571427,65.71428571428571,3.6739676339285716,12.053439004080637,14.11966460091727,20.54217883518764,23.64400907083736,15.021545148001115,29.48502121179164,32.63078079682647,66.06180444876067,1.5500000000000012,4.1699999999999555,6.079999999999915,9.189999999999849,11.276250000000054,6.760348433143344,17.619999999999955,21.321000000000534,25.540000000001193,27.79462967813015,123.7855541070625,132.67280230379401,195.85025200138625,251.70230909120528,181.9220365526385,307.04212341671155,377.5775296861408,782.3881112194722,3673966.083927572,12053427.730079636,14119657.078416271,20542168.58018664,23643997.79458636,15021539.599831155,29485006.149290636,32630761.926825467,66061781.558759674,3673966083927.572,12053427730079.635,14119657078416.27,20542168580186.64,23643997794586.36,15021539599831.154,29485006149290.637,32630761926825.47,66061781558759.67,155.0,417.0,608.0,919.0,1127.625,676.0348433143073,1762.0,2132.1,2554.0,1.0,1.0,1.0,1.0,1.0,0.0,1.0,1.0,1.0,100.0,100.0,100.0,100.0,100.0,0.0,100.0,100.0,100.0,0.0,0.0,0.0,0.0,0.0,0.0,0.0,0.0,0.0
169,66192593647392.84,66.19261579739384,65.71428571428571,66.19261579739384,22.150000000000663,0,1,744.8039665738906,2215,66192593.64739285,"[0.0, 66.19261579739384, -22.150000000000663, -1.0]",0.1,0.25,immediate,1,0,1.0,1.0,0,48,48,0,0,48,0,48,0,48,0,386.54999999999984,49099.54999999978,38655,4909955,14.213021899980959,1646.3523318999796,17.519085244604383,16.25,17.519085244604383,17519077.191478383,8.053124999999996,1.0,100.0,0.0,,,,,,,,3.927585056849888,5.6065777369907925,10.663346563066757,13.97923333304269,17.519085244604383,14.570252251157294,17.52074377877372,32.01179410936977,66.19261579739384,2.857142857142857,2.857142857142857,8.571428571428571,11.428571428571429,16.25,14.91650514867139,15.0,31.428571428571427,65.71428571428571,3.927585056849888,5.6065777369907925,10.663346563066757,13.97923333304269,17.519085244604383,14.570252251157294,17.52074377877372,32.01179410936977,66.19261579739384,1.5800000000000012,2.1759999999999975,3.659999999999966,7.214999999999891,8.053124999999996,6.120822438015195,9.174999999999848,18.297000000000068,25.540000000001193,30.488825418055058,49.17402141690254,102.43191720917821,132.85898482028279,180.34949321381146,171.80790721564674,162.38959534111927,343.85387108375943,779.9575332672757,3927583.476848888,5606575.406989793,10663343.125565756,13979228.78304169,17519077.191478383,14570246.683078606,17520735.71877272,32011775.224368766,66192593.64739285,3927583476848.888,5606575406989.793,10663343125565.756,13979228783041.69,17519077191478.38,14570246683078.604,17520735718772.719,32011775224368.766,66192593647392.84,158.0,217.6,366.0,721.5,805.3125,612.0822438015036,917.5,1829.7000000000007,2554.0,1.0,1.0,1.0,1.0,1.0,0.0,1.0,1.0,1.0,100.0,100.0,100.0,100.0,100.0,0.0,100.0,100.0,100.0,0.0,0.0,0.0,0.0,0.0,0.0,0.0,0.0,0.0
170,66241274457519.84,66.24130220752085,65.71428571428571,66.24130220752085,27.75000000000154,0,1,766.921129235212,2775,66241274.457519844,"[0.0, 66.24130220752085, -27.75000000000154, -1.0]",0.1,0.25,immediate,1,0,1.0,1.0,0,48,48,0,0,48,0,48,0,48,0,448.2700000000029,49547.81999999978,44827,4954782,16.710034299991094,1663.1391109999968,21.77045083185722,20.416666666666668,21.77045083185722,21770441.492897887,9.338958333333393,1.0,100.0,0.0,,,,,,,,4.383735656738281,5.155486515590123,12.312485149928502,14.853559221540179,21.77045083185722,17.72899686036166,27.06491140458653,58.51937957250738,66.24130220752085,2.857142857142857,2.857142857142857,10.714285714285715,14.285714285714285,20.416666666666668,17.86180494697327,25.71428571428571,57.14285714285714,65.71428571428571,4.383735656738281,5.155486515590123,12.312485149928502,14.853559221540179,21.77045083185722,17.72899686036166,27.06491140458653,58.51937957250738,66.24130220752085,1.7400000000000013,2.009000000000001,3.859999999999962,7.3149999999998885,9.338958333333393,7.242409313545777,11.95999999999979,22.228000000000677,27.75000000000154,35.39505361765623,44.332940290123226,114.97994353462127,141.743629855162,226.4626334974338,210.36494478575025,288.74751564776125,666.5129771585556,766.921129235212,4383733.916737281,5155484.506589123,12312478.8899275,14853553.541539177,21770441.492897887,17728990.041934125,27064899.444585532,58519357.86850639,66241274.457519844,4383733916737.2812,5155484506589.123,12312478889927.502,14853553541539.18,21770441492897.89,17728990041934.125,27064899444585.53,58519357868506.38,66241274457519.84,174.0,200.9,386.0,731.5,933.8958333333334,724.2409313545496,1196.0,2222.8,2775.0,1.0,1.0,1.0,1.0,1.0,0.0,1.0,1.0,1.0,100.0,100.0,100.0,100.0,100.0,0.0,100.0,100.0,100.0,0.0,0.0,0.0,0.0,0.0,0.0,0.0,0.0,0.0
171,66241274457519.84,66.24130220752085,65.71428571428571,66.24130220752085,27.75000000000154,0,1,766.921129235212,2775,66241274.457519844,"[0.0, 66.24130220752085, -27.75000000000154, -1.0]",0.1,0.25,immediate,1,0,1.0,1.0,0,48,48,0,0,48,0,48,0,48,0,567.9200000000028,50115.73999999979,56792,5011574,26.90601910004625,1690.1184809000115,22.88468792815752,21.488095238095237,22.88468792815752,22884676.09648985,11.831666666666726,1.0,100.0,0.0,,,,,,,,5.092424665178571,9.59662355695452,12.484408787318639,16.23884473528181,22.88468792815752,15.59967115854104,29.98386386365637,38.67551653251002,66.24130220752085,2.857142857142857,8.571428571428571,11.428571428571429,14.285714285714285,21.488095238095237,15.800516474523164,28.57142857142857,36.57142857142864,65.71428571428571,5.092424665178571,9.59662355695452,12.484408787318639,16.23884473528181,22.88468792815752,15.59967115854104,29.98386386365637,38.67551653251002,66.24130220752085,1.9900000000000015,3.7789999999999635,7.817499999999878,9.204999999999849,11.831666666666726,6.621911019906509,18.392500000000076,21.499000000000564,27.75000000000154,43.668930016458035,111.02540648970243,128.73682733942405,182.0907084247665,249.4516207916798,180.6575402013006,314.7713134216101,447.85289142223735,766.921129235212,5092422.675177571,9596618.862953521,12484400.904817639,16238837.90528081,22884676.09648985,15599665.977996103,29983850.06865537,38675495.20150902,66241274.457519844,5092422675177.571,9596618862953.521,12484400904817.639,16238837905280.809,22884676096489.848,15599665977996.105,29983850068655.37,38675495201509.016,66241274457519.84,199.0,377.90000000000003,781.75,920.5,1183.1666666666667,662.1911019906229,1839.25,2149.9,2775.0,1.0,1.0,1.0,1.0,1.0,0.0,1.0,1.0,1.0,100.0,100.0,100.0,100.0,100.0,0.0,100.0,100.0,100.0,0.0,0.0,0.0,0.0,0.0,0.0,0.0,0.0,0.0
172,66241274457519.84,66.24130220752085,65.71428571428571,66.24130220752085,27.75000000000154,0,1,766.921129235212,2775,66241274.457519844,"[0.0, 66.24130220752085, -27.75000000000154, -1.0]",0.1,0.25,immediate,1,0,1.0,1.0,0,48,48,0,0,48,0,47,1,47,1,543.1100000000073,50658.849999999795,54311,5065885,27.34334239998134,1717.597560699971,23.014962789320617,21.547619047619047,23.014962789320617,23014951.474527966,11.31479166666682,1.0,100.0,0.0,,,,,,,,4.092232840401786,5.598333631243025,12.046217918395996,15.853647504534042,23.014962789320617,18.093556118190726,31.428571428571427,61.0124435630857,66.24130220752085,2.857142857142857,2.857142857142857,11.428571428571429,14.285714285714285,21.547619047619047,18.43316972285955,28.57142857142857,59.714285714285744,65.71428571428571,4.092232840401786,5.598333631243025,12.046217918395996,15.853647504534042,23.014962789320617,18.093556118190726,31.428571428571427,61.0124435630857,66.24130220752085,1.6500000000000012,2.1619999999999977,4.674999999999945,8.414999999999864,11.31479166666682,8.109241124992536,19.1950000000002,23.610000000000895,30.00000000000189,32.229840725660324,49.78445928618312,129.10119189321995,150.9978238774347,244.8434598659707,215.80581466542154,331.89387676657316,716.4464225857412,795.6323380196991,4092231.0304007856,5598331.469242025,12046205.940894995,15853640.164533041,23014951.474527966,18093549.360385455,31428547.758570425,61012421.50808469,66241274.457519844,4092231030400.7856,5598331469242.024,12046205940894.996,15853640164533.04,23014951474527.97,18093549360385.457,31428547758570.426,61012421508084.69,66241274457519.84,165.0,216.2,467.5,841.5,1131.4791666666667,810.9241124992146,1919.5,2361.0000000000005,3000.0,1.0,1.0,1.0,1.0,1.0,0.0,1.0,1.0,1.0,100.0,100.0,100.0,100.0,100.0,0.0,100.0,100.0,100.0,0.0,0.0,0.0,0.0,0.0,0.0,0.0,0.0,0.0
173,66241274457519.84,66.24130220752085,65.71428571428571,66.24130220752085,27.75000000000154,0,1,766.921129235212,2775,66241274.457519844,"[0.0, 66.24130220752085, -27.75000000000154, -1.0]",0.1,0.25,immediate,1,0,1.0,1.0,0,48,48,0,0,48,0,48,0,48,0,466.6400000000027,51125.489999999794,46664,5112549,25.768399199994747,1743.4768215999939,21.563080097420244,20.178571428571427,21.563080097420244,21563070.37575258,9.721666666666723,1.0,100.0,0.0,,,,,,,,5.434679303850446,5.764610290527344,11.619161197117396,14.703298296247208,21.563080097420244,16.841264148019132,30.335617075170674,39.61075524224839,66.24130220752085,2.857142857142857,5.714285714285714,10.714285714285715,14.285714285714285,20.178571428571427,16.967418257145816,28.57142857142857,37.42857142857151,65.71428571428571,5.434679303850446,5.764610290527344,11.619161197117396,14.703298296247208,21.563080097420244,16.841264148019132,30.335617075170674,39.61075524224839,66.24130220752085,2.099999999999999,2.2239999999999966,4.147499999999956,6.9849999999998955,9.721666666666723,7.313452881885509,14.267499999999742,21.783000000000605,28.120000000001596,47.53837977349758,52.06498195901513,112.630683264033,144.2596230727213,224.02051880967352,197.08487535144732,312.42423333349507,457.3289040342048,766.921129235212,5434677.203849446,5764608.066526343,11619154.344616396,14703290.866246209,21563070.37575258,16841257.682641894,30335596.830169678,39610736.641247384,66241274.457519844,5434677203849.446,5764608066526.344,11619154344616.395,14703290866246.209,21563070375752.58,16841257682641.893,30335596830169.68,39610736641247.38,66241274457519.84,210.0,222.4,414.75,698.5,972.1666666666666,731.3452881885243,1426.75,2178.3,2812.0,1.0,1.0,1.0,1.0,1.0,0.0,1.0,1.0,1.0,100.0,100.0,100.0,100.0,100.0,0.0,100.0,100.0,100.0,0.0,0.0,0.0,0.0,0.0,0.0,0.0,0.0,0.0
174,66677452738455.11,66.6774799084561,65.71428571428571,66.6774799084561,27.170000000001448,0,1,743.9445607482776,2717,66677452.73845511,"[0.0, 66.6774799084561, -27.170000000001448, -1.0]",0.1,0.25,immediate,1,0,1.0,1.0,0,48,48,0,0,48,0,47,1,47,1,561.9400000000082,51687.429999999804,56194,5168743,30.518461100000422,1774.1016265999642,24.723345335075635,23.39285714285714,24.723345335075635,24723333.62799133,11.707083333333506,1.0,100.0,0.0,,,,,,,,4.153333391462054,5.537210736955916,11.545938083103724,16.736864362444198,24.723345335075635,19.365426974689264,32.59445040098477,65.57802881513322,66.6774799084561,2.857142857142857,2.857142857142857,11.428571428571429,14.285714285714285,23.39285714285714,19.339926010593683,31.428571428571427,62.857142857142854,65.71428571428571,4.153333391462054,5.537210736955916,11.545938083103724,16.736864362444198,24.723345335075635,19.365426974689264,32.59445040098477,65.57802881513322,66.6774799084561,1.6600000000000013,2.149999999999998,5.004999999999938,7.934999999999875,11.707083333333506,8.544414100826103,18.85250000000015,25.975000000001263,30.00000000000189,32.903095938265324,49.35440340340138,119.59305320069507,152.8291047980856,265.22556878517344,231.48146236188916,352.23106514130086,749.768014026327,808.9294406539411,4153331.7314610537,5537208.586954916,11545930.110602725,16736856.452443197,24723333.62799133,19365419.90227048,32594433.765983768,65578007.23413223,66677452.73845511,4153331731461.0537,5537208586954.916,11545930110602.727,16736856452443.2,24723333627991.324,19365419902270.48,32594433765983.766,65578007234132.23,66677452738455.11,166.0,215.0,500.5,793.5,1170.7083333333333,854.4414100825691,1885.25,2597.5,3000.0,1.0,1.0,1.0,1.0,1.0,0.0,1.0,1.0,1.0,100.0,100.0,100.0,100.0,100.0,0.0,100.0,100.0,100.0,0.0,0.0,0.0,0.0,0.0,0.0,0.0,0.0,0.0
175,66677452738455.11,66.6774799084561,65.71428571428571,66.6774799084561,27.170000000001448,0,1,743.9445607482776,2717,66677452.73845511,"[0.0, 66.6774799084561, -27.170000000001448, -1.0]",0.1,0.25,immediate,1,0,1.0,1.0,0,48,48,0,0,48,0,47,1,47,1,496.6700000000057,52184.09999999981,49667,5218410,27.508051399956457,1801.720825199969,22.45272052041855,21.071428571428566,22.45272052041855,22452710.173125897,10.347291666666786,1.0,100.0,0.0,,,,,,,,3.342944553920201,5.6392702375139505,11.296548843383789,14.592778342110769,22.45272052041855,18.976991231508865,31.540748941618816,65.48837660055882,66.6774799084561,2.857142857142857,4.857142857142858,8.571428571428571,12.857142857142858,21.071428571428566,19.233836751685196,31.428571428571427,63.71428571428572,65.71428571428571,3.342944553920201,5.6392702375139505,11.296548843383789,14.592778342110769,22.45272052041855,18.976991231508865,31.540748941618816,65.48837660055882,66.6774799084561,1.7300000000000013,2.2569999999999957,4.38749999999995,7.284999999999889,10.347291666666786,7.902674847687321,16.482499999999778,22.081000000000657,30.00000000000189,24.32736048015795,50.64199746102095,100.56343000371271,140.60974483111204,236.668286576091,225.10064920863965,327.5749861094173,740.606983529155,771.3281112172117,3342942.233919201,5639268.046512951,11296538.23338279,14592771.952109769,22452710.173125897,18976984.276503894,31540721.359118566,65488355.28455782,66677452.73845511,3342942233919.201,5639268046512.95,11296538233382.79,14592771952109.77,22452710173125.9,18976984276503.895,31540721359118.562,65488355284557.81,66677452738455.11,173.0,225.7,438.75,728.5,1034.7291666666667,790.2674847686947,1648.25,2208.1000000000004,3000.0,1.0,1.0,1.0,1.0,1.0,0.0,1.0,1.0,1.0,100.0,100.0,100.0,100.0,100.0,0.0,100.0,100.0,100.0,0.0,0.0,0.0,0.0,0.0,0.0,0.0,0.0,0.0
176,66677452738455.11,66.6774799084561,65.71428571428571,66.6774799084561,27.170000000001448,0,1,743.9445607482776,2717,66677452.73845511,"[0.0, 66.6774799084561, -27.170000000001448, -1.0]",0.1,0.25,immediate,1,0,1.0,1.0,0,48,48,0,0,48,0,47,1,47,1,488.46000000000504,52672.559999999816,48846,5267256,24.953931600030046,1826.7812665000092,19.5589753171027,18.09523809523809,19.5589753171027,19558965.14085172,10.176250000000104,1.0,100.0,0.0,,,,,,,,3.898462568010603,5.211695534842355,7.923994064331054,15.031157902308873,19.5589753171027,15.83046403069991,26.6680098321714,32.97285395613872,66.6774799084561,2.857142857142857,2.857142857142857,7.857142857142857,12.857142857142858,18.09523809523809,16.017988753861104,25.71428571428571,31.428571428571427,65.71428571428571,3.898462568010603,5.211695534842355,7.923994064331054,15.031157902308873,19.5589753171027,15.83046403069991,26.6680098321714,32.97285395613872,66.6774799084561,1.5700000000000012,2.0340000000000007,3.1599999999999766,7.504999999999884,10.176250000000104,7.91260245457664,16.89499999999984,23.0050000000008,30.00000000000189,30.192084327340126,45.18437767475844,89.56053427048028,145.50024757480423,200.40501199472342,181.77893290551992,262.4852967899369,358.1316015891041,766.921129235212,3898460.998009603,5211693.500841355,7923980.866830055,15031152.852307873,19558965.14085172,15830457.168213155,26667993.8121704,32972836.390137717,66677452.73845511,3898460998009.603,5211693500841.355,7923980866830.055,15031152852307.873,19558965140851.72,15830457168213.154,26667993812170.4,32972836390137.72,66677452738455.11,157.0,203.4,316.0,750.5,1017.625,791.2602454576286,1689.5,2300.5,3000.0,1.0,1.0,1.0,1.0,1.0,0.0,1.0,1.0,1.0,100.0,100.0,100.0,100.0,100.0,0.0,100.0,100.0,100.0,0.0,0.0,0.0,0.0,0.0,0.0,0.0,0.0,0.0
177,66677452738455.11,66.6774799084561,65.71428571428571,66.6774799084561,27.170000000001448,0,1,743.9445607482776,2717,66677452.73845511,"[0.0, 66.6774799084561, -27.170000000001448, -1.0]",0.1,0.25,immediate,1,0,1.0,1.0,0,48,48,0,0,48,0,47,1,47,1,628.4200000000119,53300.97999999983,62842,5330098,33.43884600000456,1860.324982399994,25.701726587594347,24.28571428571428,25.701726587594347,25701713.49551003,13.092083333333582,1.0,100.0,0.0,,,,,,,,4.097998482840402,5.668275015694755,10.35682473863874,16.79478236607143,25.701726587594347,19.94555660489309,32.60023490713903,62.62842041253988,66.6774799084561,2.857142857142857,4.857142857142858,8.571428571428571,14.285714285714285,24.28571428571428,20.042471910223767,31.428571428571427,60.85714285714287,65.71428571428571,4.097998482840402,5.668275015694755,10.35682473863874,16.79478236607143,25.701726587594347,19.94555660489309,32.60023490713903,62.62842041253988,66.6774799084561,1.6400000000000012,2.1879999999999975,6.099999999999914,9.924999999999834,13.092083333333582,8.711101384233562,21.535000000000565,23.61600000000089,30.00000000000189,32.29209113866091,50.649303349852566,119.84672990709805,173.30900774122347,279.5789690445757,232.03085403196692,377.00280700535586,719.8525117935192,772.8967955316111,4097996.8428394017,5668272.827693755,10356814.72613774,16794774.576070428,25701713.49551003,19945549.609926905,32600213.889638033,62628396.73053888,66677452.73845511,4097996842839.402,5668272827693.755,10356814726137.742,16794774576070.43,25701713495510.03,19945549609926.906,32600213889638.03,62628396730538.88,66677452738455.11,164.0,218.8,610.0,992.5,1309.2083333333333,871.110138423316,2153.5,2361.6,3000.0,1.0,1.0,1.0,1.0,1.0,0.0,1.0,1.0,1.0,100.0,100.0,100.0,100.0,100.0,0.0,100.0,100.0,100.0,0.0,0.0,0.0,0.0,0.0,0.0,0.0,0.0,0.0
178,66705049924019.58,66.70507105402058,65.71428571428571,66.70507105402058,21.130000000000503,0,1,733.5918891470064,2113,66705049.924019575,"[0.0, 66.70507105402058, -21.130000000000503, -1.0]",0.1,0.25,immediate,1,0,1.0,1.0,0,48,48,0,0,48,0,48,0,48,0,467.51000000000215,53768.48999999983,46751,5376849,25.073425099952146,1885.5039622999611,21.49051932906384,20.059523809523807,21.49051932906384,21490509.58927117,9.739791666666711,1.0,100.0,0.0,,,,,,,,3.295081002371652,7.675725391932897,10.746959958757673,14.8968015398298,21.49051932906384,18.30833867123425,21.13760471343994,61.683630262102426,66.70507105402058,2.857142857142857,6.857142857142858,8.571428571428571,14.285714285714285,20.059523809523807,18.2991913071133,20.0,58.857142857142875,65.71428571428571,3.295081002371652,7.675725391932897,10.746959958757673,14.8968015398298,21.49051932906384,18.30833867123425,21.13760471343994,61.683630262102426,66.70507105402058,1.5800000000000012,3.3529999999999727,4.334999999999952,7.399999999999887,9.739791666666711,6.916459080092984,13.992499999999746,21.39100000000055,27.170000000001448,23.8236041739583,81.43208564445378,112.65384311263006,140.74878017002266,226.4142949100507,209.57020711565204,212.78590753809476,702.097435583918,750.1681179641746,3295079.272370652,7675714.805931897,10746956.543756671,14896796.9148288,21490509.58927117,18308332.53756215,21137594.49093894,61683606.99510142,66705049.924019575,3295079272370.652,7675714805931.896,10746956543756.672,14896796914828.8,21490509589271.17,18308332537562.152,21137594490938.938,61683606995101.42,66705049924019.58,158.0,335.3,433.5,740.0,973.9791666666666,691.6459080092734,1399.25,2139.1000000000004,2717.0,1.0,1.0,1.0,1.0,1.0,0.0,1.0,1.0,1.0,100.0,100.0,100.0,100.0,100.0,0.0,100.0,100.0,100.0,0.0,0.0,0.0,0.0,0.0,0.0,0.0,0.0,0.0
179,66705049924019.58,66.70507105402058,65.71428571428571,66.70507105402058,21.130000000000503,0,1,733.5918891470064,2113,66705049.924019575,"[0.0, 66.70507105402058, -21.130000000000503, -1.0]",0.1,0.25,immediate,1,0,1.0,1.0,0,48,48,0,0,48,0,48,0,48,0,466.3800000000034,54234.869999999835,46638,5423487,23.481048899993766,1909.105694399972,21.21281389051897,19.94047619047619,21.21281389051897,21212804.17426797,9.716250000000072,1.0,100.0,0.0,,,,,,,,3.843847002301897,7.767673492431641,10.801226752144949,14.748221806117467,21.21281389051897,17.261735499043077,21.796116828918457,48.17536492817775,66.70507105402058,2.857142857142857,7.714285714285714,8.571428571428571,14.285714285714285,19.94047619047619,17.539940653850273,20.0,47.71428571428582,65.71428571428571,3.843847002301897,7.767673492431641,10.801226752144949,14.748221806117467,21.21281389051897,17.261735499043077,21.796116828918457,48.17536492817775,66.70507105402058,1.5500000000000012,3.0359999999999796,4.089999999999957,7.534999999999884,9.716250000000072,7.195930743888336,11.594999999999796,22.04800000000065,27.170000000001448,29.603333815932274,85.60627393573523,108.77197349112248,141.66761270272764,220.36316968571933,199.3833440024243,208.24682269254845,521.300583774709,788.044835633671,3843845.452300897,7767663.52643064,10801223.23214395,14748216.991116466,21212804.17426797,17261729.17788817,21796107.618917458,48175345.222176746,66705049.924019575,3843845452300.897,7767663526430.641,10801223232143.95,14748216991116.467,21212804174267.97,17261729177888.172,21796107618917.457,48175345222176.75,66705049924019.58,155.0,303.6,409.0,753.5,971.625,719.5930743888057,1159.5,2204.8,2717.0,1.0,1.0,1.0,1.0,1.0,0.0,1.0,1.0,1.0,100.0,100.0,100.0,100.0,100.0,0.0,100.0,100.0,100.0,0.0,0.0,0.0,0.0,0.0,0.0,0.0,0.0,0.0
180,66705049924019.58,66.70507105402058,65.71428571428571,66.70507105402058,21.130000000000503,0,1,733.5918891470064,2113,66705049.924019575,"[0.0, 66.70507105402058, -21.130000000000503, -1.0]",0.1,0.25,immediate,1,0,1.0,1.0,0,48,48,0,0,48,0,47,1,47,1,565.8600000000104,54800.72999999984,56586,5480073,29.050937399966642,1938.2649272999843,26.20513175904958,25.11904761904762,26.20513175904958,26205119.9702986,11.788750000000215,1.0,100.0,0.0,,,,,,,,5.320200238909041,5.958657945905413,12.000562122889928,17.139519282749724,26.20513175904958,20.404992844479075,31.428571428571427,65.88426308369152,66.70507105402058,2.857142857142857,5.714285714285714,11.428571428571429,15.714285714285714,25.11904761904762,20.627555156780737,31.428571428571427,65.71428571428571,65.71428571428571,5.320200238909041,5.958657945905413,12.000562122889928,17.139519282749724,26.20513175904958,20.404992844479075,31.428571428571427,65.88426308369152,66.70507105402058,2.07,2.299999999999995,5.212499999999933,8.504999999999864,11.788750000000215,8.457622455759923,21.0850000000005,24.326000000001006,30.00000000000189,46.39926156401634,54.92310822382569,114.61217336045956,155.5333603509789,277.3551262661904,237.9988592415623,353.86666606545987,734.3274017212956,757.6007901603007,5320198.168908041,5958655.6459044125,12000554.955388928,17139512.732748725,26205119.9702986,20404985.49357414,31428549.566070426,65884240.07569053,66705049.924019575,5320198168908.041,5958655645904.412,12000554955388.928,17139512732748.723,26205119970298.594,20404985493574.14,31428549566070.426,65884240075690.53,66705049924019.58,207.0,230.0,521.25,850.5,1178.875,845.7622455759459,2108.5,2432.6000000000004,3000.0,1.0,1.0,1.0,1.0,1.0,0.0,1.0,1.0,1.0,100.0,100.0,100.0,100.0,100.0,0.0,100.0,100.0,100.0,0.0,0.0,0.0,0.0,0.0,0.0,0.0,0.0,0.0
181,66705049924019.58,66.70507105402058,65.71428571428571,66.70507105402058,21.130000000000503,0,1,733.5918891470064,2113,66705049.924019575,"[0.0, 66.70507105402058, -21.130000000000503, -1.0]",0.1,0.25,immediate,1,0,1.0,1.0,0,48,48,0,0,48,0,47,1,47,1,517.9900000000049,55318.71999999985,51799,5531872,26.232177399971988,1964.5901532999706,22.599280472611145,21.309523809523807,22.599280472611145,22599269.681151833,10.791458333333436,1.0,100.0,0.0,,,,,,,,1.8128694806780132,5.798048291887556,9.17978491101946,16.099207741873606,22.599280472611145,19.251352415492114,29.07251954393364,65.62097792619087,66.70507105402058,0.0,4.857142857142858,8.571428571428571,14.285714285714285,21.309523809523807,19.38649446910022,26.428571428571427,63.71428571428572,65.71428571428571,1.8128694806780132,5.798048291887556,9.17978491101946,16.099207741873606,22.599280472611145,19.251352415492114,29.07251954393364,65.62097792619087,66.70507105402058,2.07,2.2569999999999957,4.977499999999939,8.63999999999986,10.791458333333436,7.6874139533353985,17.294999999999902,22.51200000000072,30.00000000000189,24.68634038825985,52.33191433772445,110.48254663511761,144.17429487874324,237.1084991023084,218.41397671385212,288.9721186660936,733.5473406260614,756.151988522688,1812863.9406770132,5798046.050886556,9179774.161018461,16099202.786872607,22599269.681151833,19251345.727817763,29072501.54893264,65620953.954189874,66705049.924019575,1812863940677.0132,5798046050886.557,9179774161018.46,16099202786872.605,22599269681151.836,19251345727817.76,29072501548932.64,65620953954189.875,66705049924019.58,207.0,225.7,497.75,864.0,1079.1458333333333,768.7413953335059,1729.5,2251.2000000000003,3000.0,1.0,1.0,1.0,1.0,1.0,0.0,1.0,1.0,1.0,100.0,100.0,100.0,100.0,100.0,0.0,100.0,100.0,100.0,0.0,0.0,0.0,0.0,0.0,0.0,0.0,0.0,0.0
182,66705049924019.58,66.70507105402058,65.71428571428571,66.70507105402058,21.130000000000503,0,1,733.5918891470064,2113,66705049.924019575,"[0.0, 66.70507105402058, -21.130000000000503, -1.0]",0.1,0.25,immediate,1,0,1.0,1.0,0,48,48,0,0,48,0,48,0,48,0,451.3700000000024,55770.08999999985,45137,5577009,26.754358500009403,1991.457450099988,19.623615653097488,18.1547619047619,19.623615653097488,19623606.249554824,9.403541666666717,1.0,100.0,0.0,,,,,,,,5.415851048060826,5.687289101736886,10.005946840558732,13.934309823172434,19.623615653097488,17.341897033404507,21.524813515799387,42.06695532221766,66.70507105402058,2.857142857142857,2.857142857142857,8.571428571428571,11.428571428571429,18.1547619047619,17.732801223411514,20.0,41.71428571428586,65.71428571428571,5.415851048060826,5.687289101736886,10.005946840558732,13.934309823172434,19.623615653097488,17.341897033404507,21.524813515799387,42.06695532221766,66.70507105402058,2.109999999999999,2.1699999999999977,3.367499999999972,7.339999999999888,9.403541666666717,7.096273520184208,10.809999999999814,21.211000000000517,27.170000000001448,47.897229731082916,50.071887840330604,98.13064347922773,123.61744637365337,200.21223967782058,199.708971631031,199.84590035688234,446.44282243482115,783.7127327780763,5415848.938059826,5687286.940735886,10005943.535557732,13934302.638171433,19623606.249554824,17341890.830168735,21524803.990798388,42066933.19421665,66705049.924019575,5415848938059.826,5687286940735.886,10005943535557.732,13934302638171.434,19623606249554.824,17341890830168.734,21524803990798.387,42066933194216.66,66705049924019.58,211.0,217.0,336.75,734.0,940.3541666666666,709.627352018395,1081.0,2121.1,2717.0,1.0,1.0,1.0,1.0,1.0,0.0,1.0,1.0,1.0,100.0,100.0,100.0,100.0,100.0,0.0,100.0,100.0,100.0,0.0,0.0,0.0,0.0,0.0,0.0,0.0,0.0,0.0
183,66705049924019.58,66.70507105402058,65.71428571428571,66.70507105402058,21.130000000000503,0,1,733.5918891470064,2113,66705049.924019575,"[0.0, 66.70507105402058, -21.130000000000503, -1.0]",0.1,0.25,immediate,1,0,1.0,1.0,0,48,48,0,0,48,0,48,0,48,0,436.49000000000115,56206.57999999985,43649,5620658,22.595299099979457,2014.18719159998,19.3517598758332,18.09523809523809,19.3517598758332,19351750.782290533,9.09354166666669,1.0,100.0,0.0,,,,,,,,4.7324643816266745,5.804777962820871,9.616833414350237,14.956024714878627,19.3517598758332,16.11488854890684,21.45200933728899,31.588252881253748,66.70507105402058,2.857142857142857,5.714285714285714,8.571428571428571,14.285714285714285,18.09523809523809,16.08156646739836,20.0,31.428571428571427,65.71428571428571,4.7324643816266745,5.804777962820871,9.616833414350237,14.956024714878627,19.3517598758332,16.11488854890684,21.45200933728899,31.588252881253748,66.70507105402058,1.8600000000000014,2.239999999999996,4.044999999999958,7.084999999999893,9.09354166666669,6.802966414729201,10.447499999999822,19.42700000000024,27.170000000001448,39.27511731535196,52.66109627410769,98.32237450964203,140.98000391640016,197.15189873644204,186.00503908925396,202.9066182233346,333.21129933703793,776.0879152369889,4732462.521625675,5804775.72281987,9616826.251849238,14956020.069877626,19351750.782290533,16114882.570666127,21451999.532287993,31588235.960252747,66705049.924019575,4732462521625.675,5804775722819.871,9616826251849.238,14956020069877.627,19351750782290.535,16114882570666.127,21451999532287.996,31588235960252.746,66705049924019.58,186.0,224.0,404.5,708.5,909.3541666666666,680.2966414728986,1044.75,1942.7000000000003,2717.0,1.0,1.0,1.0,1.0,1.0,0.0,1.0,1.0,1.0,100.0,100.0,100.0,100.0,100.0,0.0,100.0,100.0,100.0,0.0,0.0,0.0,0.0,0.0,0.0,0.0,0.0,0.0
184,66705049924019.58,66.70507105402058,65.71428571428571,66.70507105402058,21.130000000000503,0,1,733.5918891470064,2113,66705049.924019575,"[0.0, 66.70507105402058, -21.130000000000503, -1.0]",0.1,0.25,immediate,1,0,1.0,1.0,0,48,48,0,0,48,0,48,0,48,0,496.9800000000049,56703.55999999985,49698,5670356,26.605584500008263,2040.891702199995,23.573110066077902,22.202380952380953,23.573110066077902,23573099.7123269,10.353750000000103,1.0,100.0,0.0,,,,,,,,4.2122650146484375,5.51519284929548,10.534639358520508,13.801326751708984,23.573110066077902,21.309529399467603,22.665565353338604,66.09807675073128,66.70507105402058,2.857142857142857,2.857142857142857,8.571428571428571,11.428571428571429,22.202380952380953,21.69077348079158,20.714285714285715,65.71428571428571,65.71428571428571,4.2122650146484375,5.51519284929548,10.534639358520508,13.801326751708984,23.573110066077902,21.309529399467603,22.665565353338604,66.09807675073128,66.70507105402058,1.6800000000000013,2.1269999999999984,5.479999999999928,8.599999999999861,10.353750000000103,7.492920999461571,11.384999999999803,24.186000000000984,27.170000000001448,33.518573723733425,48.45235088914633,104.499491099843,148.4722004408468,251.95692676410985,245.10206894542645,210.08409254193975,745.266682753565,761.432567803924,4212263.334647438,5515190.722294481,10534630.426019507,13801321.121707983,23573099.7123269,21309522.350537337,22665555.888337605,66098053.64873028,66705049.924019575,4212263334647.4375,5515190722294.48,10534630426019.508,13801321121707.984,23573099712326.902,21309522350537.336,22665555888337.6,66098053648730.27,66705049924019.58,168.0,212.7,548.0,860.0,1035.375,749.2920999461202,1138.5,2418.6000000000004,2717.0,1.0,1.0,1.0,1.0,1.0,0.0,1.0,1.0,1.0,100.0,100.0,100.0,100.0,100.0,0.0,100.0,100.0,100.0,0.0,0.0,0.0,0.0,0.0,0.0,0.0,0.0,0.0
185,67031056897022.5,67.0310803570235,65.71428571428571,67.0310803570235,23.460000000000868,0,1,741.6610203678429,2346,67031056.8970225,"[0.0, 67.0310803570235, -23.460000000000868, -1.0]",0.1,0.25,immediate,1,0,1.0,1.0,0,48,48,0,0,48,0,48,0,48,0,535.9700000000055,57239.52999999986,53597,5723953,29.14675279997755,2070.123221899965,25.600729134458817,24.226190476190478,25.600729134458817,25600717.96841615,11.16604166666678,1.0,100.0,0.0,,,,,,,,5.357666015625,9.726964950561523,11.516875539507184,15.704689025878906,25.600729134458817,20.743147079537565,31.9732792445129,66.02568800433761,67.0310803570235,2.857142857142857,7.714285714285714,11.428571428571429,14.285714285714285,24.226190476190478,21.156925687234125,31.428571428571427,65.71428571428571,65.71428571428571,5.357666015625,9.726964950561523,11.516875539507184,15.704689025878906,25.600729134458817,20.743147079537565,31.9732792445129,66.02568800433761,67.0310803570235,2.07,3.0299999999999794,5.252499999999932,8.104999999999873,11.16604166666678,7.614438789668099,18.49500000000009,22.893000000000782,27.170000000001448,46.41953231394291,85.0280261643231,117.14193137404254,142.82976341433823,269.49551387129424,243.46744475982592,339.2733516265125,745.0728862378237,786.6922339133744,5357663.945624,9726960.030560523,11516865.387006184,15704682.805877905,25600717.96841615,20743140.49744938,31973260.2245119,66025664.1133366,67031056.8970225,5357663945624.0,9726960030560.523,11516865387006.186,15704682805877.906,25600717968416.145,20743140497449.38,31973260224511.9,66025664113336.6,67031056897022.5,207.0,303.0,525.25,810.5,1116.6041666666667,761.4438789667773,1849.5,2289.3,2717.0,1.0,1.0,1.0,1.0,1.0,0.0,1.0,1.0,1.0,100.0,100.0,100.0,100.0,100.0,0.0,100.0,100.0,100.0,0.0,0.0,0.0,0.0,0.0,0.0,0.0,0.0,0.0
186,67851460057818.63,67.85148181781963,65.71428571428571,67.85148181781963,21.760000000000602,0,1,761.1647116723179,2176,67851460.05781864,"[0.0, 67.85148181781963, -21.760000000000602, -1.0]",0.1,0.25,immediate,1,0,1.0,1.0,0,48,48,0,0,48,0,48,0,48,0,549.5000000000084,57789.02999999987,54950,5778903,28.05776930000866,2098.2918082000106,25.697267060577882,24.166666666666668,25.697267060577882,25697255.61266021,11.447916666666842,1.0,100.0,0.0,,,,,,,,3.9560590471540182,5.722008841378348,11.03398391178676,15.519684382847377,25.697267060577882,22.015931035390583,31.428571428571427,66.25268089840345,67.85148181781963,2.857142857142857,4.857142857142858,8.571428571428571,14.285714285714285,24.166666666666668,22.22303711657808,29.285714285714285,65.71428571428571,65.71428571428571,3.9560590471540182,5.722008841378348,11.03398391178676,15.519684382847377,25.697267060577882,22.015931035390583,31.428571428571427,66.25268089840345,67.85148181781963,1.5900000000000012,2.246999999999996,4.864999999999941,7.8299999999998775,11.447916666666842,8.228661281949933,19.680000000000277,23.548000000000883,28.260000000001618,30.786123737692833,52.92279580757022,115.35699277675303,152.65575386333512,276.55973005580137,257.66326915114763,336.5946271325247,754.8725723606266,792.0650599099245,3956057.457153018,5722006.622377348,11033980.38428576,15519678.717846379,25697255.61266021,22015923.75891065,31428546.598570425,66252656.185402445,67851460.05781864,3956057457153.018,5722006622377.349,11033980384285.76,15519678717846.379,25697255612660.207,22015923758910.65,31428546598570.426,66252656185402.45,67851460057818.63,159.0,224.7,486.5,783.0,1144.7916666666667,822.8661281949546,1968.0,2354.8,2826.0,1.0,1.0,1.0,1.0,1.0,0.0,1.0,1.0,1.0,100.0,100.0,100.0,100.0,100.0,0.0,100.0,100.0,100.0,0.0,0.0,0.0,0.0,0.0,0.0,0.0,0.0,0.0
187,67851460057818.63,67.85148181781963,65.71428571428571,67.85148181781963,21.760000000000602,0,1,761.1647116723179,2176,67851460.05781864,"[0.0, 67.85148181781963, -21.760000000000602, -1.0]",0.1,0.25,immediate,1,0,1.0,1.0,0,48,48,0,0,48,0,48,0,48,0,537.4100000000001,58326.43999999987,53741,5832644,28.104749399994034,2126.5060681999894,24.742214389666902,23.09523809523809,24.742214389666902,24742203.19362424,11.196041666666668,1.0,100.0,0.0,,,,,,,,5.301502772739956,7.535686765398298,10.518877165658134,14.988228934151785,24.742214389666902,20.3101107074424,31.551154151326408,66.03647759728706,67.85148181781963,2.857142857142857,5.714285714285714,8.571428571428571,14.285714285714285,23.09523809523809,20.436007082782297,29.285714285714285,65.71428571428571,65.71428571428571,5.301502772739956,7.535686765398298,10.518877165658134,14.988228934151785,24.742214389666902,20.3101107074424,31.551154151326408,66.03647759728706,67.85148181781963,2.0500000000000003,2.3069999999999946,6.632499999999903,9.754999999999836,11.196041666666668,6.503089887245848,17.59249999999995,20.669000000000434,23.53000000000088,45.7625280469656,55.20364421010017,122.05465325142359,152.88113411692757,264.72470573336415,231.59289610684405,319.9359205333294,735.4244849767914,792.0650599099245,5301500.702738956,7535684.458397299,10518871.995657135,14988224.044150785,24742203.19362424,20310105.177373186,31551135.65132541,66036457.908286065,67851460.05781864,5301500702738.956,7535684458397.299,10518871995657.133,14988224044150.785,24742203193624.24,20310105177373.188,31551135651325.406,66036457908286.07,67851460057818.63,205.0,230.7,663.25,975.5,1119.6041666666667,650.3089887245694,1759.25,2066.9000000000005,2353.0,1.0,1.0,1.0,1.0,1.0,0.0,1.0,1.0,1.0,100.0,100.0,100.0,100.0,100.0,0.0,100.0,100.0,100.0,0.0,0.0,0.0,0.0,0.0,0.0,0.0,0.0,0.0
188,67851460057818.63,67.85148181781963,65.71428571428571,67.85148181781963,21.760000000000602,0,1,761.1647116723179,2176,67851460.05781864,"[0.0, 67.85148181781963, -21.760000000000602, -1.0]",0.1,0.25,immediate,1,0,1.0,1.0,0,48,48,0,0,48,0,47,1,47,1,514.8800000000031,58841.319999999876,51488,5884132,26.83197470003506,2153.4465059000067,25.158810003836805,23.63095238095238,25.158810003836805,25158799.277169157,10.72666666666673,1.0,100.0,0.0,,,,,,,,4.155077253069196,7.7863328116280695,11.31101403917585,16.340762547084264,25.158810003836805,20.676248752530956,30.815245999698643,65.9405783393006,67.85148181781963,2.857142857142857,7.714285714285714,8.571428571428571,14.285714285714285,23.63095238095238,20.691609783182678,29.285714285714285,65.71428571428571,65.71428571428571,4.155077253069196,7.7863328116280695,11.31101403917585,16.340762547084264,25.158810003836805,20.676248752530956,30.815245999698643,65.9405783393006,67.85148181781963,1.6600000000000013,3.1319999999999775,6.452499999999906,7.989999999999874,10.72666666666673,7.143963166354273,17.14749999999988,21.123000000000506,30.00000000000189,32.903146877884865,84.02337269896235,117.59556761001659,145.89952310998342,265.8484655611266,240.27352555579984,319.51091037183505,743.8497850535044,791.7318187806231,4155075.5930681964,7786323.078627069,11311007.41667485,16340756.737083264,25158799.277169157,20676242.68783723,30815224.74469789,65940555.8062996,67851460.05781864,4155075593068.1963,7786323078627.069,11311007416674.85,16340756737083.264,25158799277169.156,20676242687837.227,30815224744697.89,65940555806299.6,67851460057818.63,166.0,313.20000000000005,645.25,799.0,1072.6666666666667,714.3963166353968,1714.75,2112.3,3000.0,1.0,1.0,1.0,1.0,1.0,0.0,1.0,1.0,1.0,100.0,100.0,100.0,100.0,100.0,0.0,100.0,100.0,100.0,0.0,0.0,0.0,0.0,0.0,0.0,0.0,0.0,0.0
189,97142827142857.14,97.14285714285714,97.14285714285714,97.14285714285714,30.00000000000189,0,0,1231.8064355464448,3000,97142827.14285713,"[0.0, 97.14285714285714, -30.00000000000189, -0.0]",0.1,0.25,immediate,1,0,1.0,1.0,0,48,48,0,0,48,0,46,2,46,2,611.4700000000091,59452.789999999884,61147,5945279,34.727013499999885,2188.279333100014,30.284869585201307,28.571428571428573,30.284869585201307,30284856.846242014,12.738958333333523,1.0,100.0,0.0,,,,,,,,3.9555249895368303,5.41510009765625,10.956764221191406,14.448901585170201,30.284869585201307,26.407410408276974,65.60252938951766,67.14285637651253,97.14285714285714,2.857142857142857,2.857142857142857,8.571428571428571,12.857142857142858,28.571428571428573,26.694288415569453,62.857142857142854,65.71428571428571,97.14285714285714,3.9555249895368303,5.41510009765625,10.956764221191406,14.448901585170201,30.284869585201307,26.407410408276974,65.60252938951766,67.14285637651253,97.14285714285714,1.5900000000000012,2.1119999999999988,5.939999999999918,10.774999999999814,12.738958333333523,8.424998822844854,19.485000000000248,23.438000000000876,30.00000000000189,30.785843782126904,47.91709841415286,110.20767956049349,154.25400379791245,336.7877456310098,310.7778877436464,735.4561286870921,757.0362517124929,1231.8064355464448,3955523.39953583,5415097.98565525,10956757.036190405,14448895.335169202,30284856.846242014,26407404.044369068,65602506.35701665,67142837.28151153,97142827.14285713,3955523399535.83,5415097985655.249,10956757036190.406,14448895335169.201,30284856846242.016,26407404044369.066,65602506357016.66,67142837281511.52,97142827142857.14,159.0,211.2,594.0,1077.5,1273.8958333333333,842.4998822844461,1948.5,2343.800000000001,3000.0,1.0,1.0,1.0,1.0,1.0,0.0,1.0,1.0,1.0,100.0,100.0,100.0,100.0,100.0,0.0,100.0,100.0,100.0,0.0,0.0,0.0,0.0,0.0,0.0,0.0,0.0,0.0
190,1.00009999997248e+18,100.0,100.0,100.0,27.520000000001502,1,0,1230.9872830749955,2752,1000099999972.48,"[1.0, 100.0, -27.520000000001502, -0.0]",0.1,0.25,immediate,1,0,1.0,1.0,0,48,48,0,0,48,1,46,1,47,1,571.5800000000029,60024.369999999886,57158,6002437,29.96419909998076,2218.3661755999783,29.778519057459416,28.51190476190476,29.778519057459416,20863111840.482876,11.907916666666727,1.0,100.0,0.0,,,,,,,,4.211921691894531,6.0047149658203125,12.409259932381765,20.770162854875835,29.778519057459416,25.019371726871945,41.20748519897461,66.64897160116963,100.0,2.857142857142857,5.714285714285714,11.428571428571429,20.0,28.51190476190476,25.257110424277098,40.714285714285715,65.71428571428571,100.0,4.211921691894531,6.0047149658203125,12.409259932381765,20.770162854875835,29.778519057459416,25.019371726871945,41.20748519897461,66.64897160116963,100.0,1.6800000000000013,3.678999999999966,7.364999999999887,9.199999999999848,11.907916666666727,7.120817766220866,17.51249999999994,20.783000000000452,30.00000000000189,33.519067622721195,91.39822543612829,132.3643999248743,188.27224602430942,325.2130204457744,301.85623796523146,449.3125860846576,743.9398309342359,1231.8064355464448,4211920.011893531,6004700.786819313,12409249.862380765,20770154.58487484,20863111840.482876,142836382185.74768,41207465.8639736,66648952.34916863,1000099999972.48,4211920011893.5312,6004700786819.3125,12409249862380.766,20770154584874.836,2.086311184048287e+16,1.428363821857477e+17,41207465863973.61,66648952349168.63,1.00009999997248e+18,168.0,367.90000000000003,736.5,920.0,1190.7916666666667,712.0817766220549,1751.25,2078.3,3000.0,1.0,1.0,1.0,1.0,1.0,0.0,1.0,1.0,1.0,100.0,100.0,100.0,100.0,100.0,0.0,100.0,100.0,100.0,0.0,0.0,0.0,0.0,0.0,0.0,0.0,0.0,0.0
191,1.00009999997248e+18,100.0,100.0,100.0,27.520000000001502,1,0,1230.9872830749955,2752,1000099999972.48,"[1.0, 100.0, -27.520000000001502, -0.0]",0.1,0.25,immediate,1,0,1.0,1.0,0,48,48,0,0,48,1,46,1,47,1,580.2000000000066,60604.56999999989,58020,6060457,32.85011060000397,2251.3092174999765,34.43313588081218,33.51190476190476,34.43313588081218,20867766457.126644,12.087500000000139,1.0,100.0,0.0,,,,,,,,4.15564945765904,5.866031101771764,12.098146166120257,20.612574986049108,34.43313588081218,28.14968322055798,66.0852988841379,66.95534884770483,100.0,2.857142857142857,5.714285714285714,11.428571428571429,20.0,33.51190476190476,28.354771301415138,65.71428571428571,65.71428571428571,100.0,4.15564945765904,5.866031101771764,12.098146166120257,20.612574986049108,34.43313588081218,28.14968322055798,66.0852988841379,66.95534884770483,100.0,1.6600000000000013,2.2799999999999954,5.584999999999925,8.959999999999853,12.087500000000139,7.84857165880129,18.80000000000014,22.576000000000736,30.00000000000189,32.90313818305731,54.082157952338456,132.89430944807827,194.99011120107025,379.9729615857327,339.8320318184396,737.1381708684985,758.3883136637386,1231.8064355464448,4155647.79765804,5866028.821770763,12098134.753619257,20612566.15104811,20867766457.126644,142835703869.82526,66085278.789136894,66955327.43870383,1000099999972.48,4155647797658.04,5866028821770.763,12098134753619.258,20612566151048.11,2.0867766457126644e+16,1.4283570386982526e+17,66085278789136.9,66955327438703.83,1.00009999997248e+18,166.0,228.0,558.5,896.0,1208.75,784.857165880094,1880.0,2257.600000000001,3000.0,1.0,1.0,1.0,1.0,1.0,0.0,1.0,1.0,1.0,100.0,100.0,100.0,100.0,100.0,0.0,100.0,100.0,100.0,0.0,0.0,0.0,0.0,0.0,0.0,0.0,0.0,0.0
192,1.00009999997248e+18,100.0,100.0,100.0,27.520000000001502,1,0,1230.9872830749955,2752,1000099999972.48,"[1.0, 100.0, -27.520000000001502, -0.0]",0.1,0.25,immediate,1,0,1.0,1.0,0,48,48,0,0,48,1,46,1,47,1,497.630000000002,61102.199999999895,49763,6110220,25.882334400026593,2277.3022708999924,29.733557213273325,28.333333333333332,29.733557213273325,20863066880.17931,10.367291666666707,1.0,100.0,0.0,,,,,,,,3.432257516043527,8.315324783325197,12.011931283133372,16.560914175851003,29.733557213273325,25.920007742218587,45.48131259292293,66.80160246150052,100.0,2.857142857142857,7.714285714285714,10.714285714285715,14.285714285714285,28.333333333333332,26.33402220747113,44.285714285714285,65.71428571428571,100.0,3.432257516043527,8.315324783325197,12.011931283133372,16.560914175851003,29.733557213273325,25.920007742218587,45.48131259292293,66.80160246150052,100.0,1.5200000000000011,3.056999999999979,4.934999999999939,8.384999999999867,10.367291666666707,7.119316370382833,16.792499999999826,19.611000000000267,30.00000000000189,25.246752641018247,86.92973479256035,119.37511210639423,151.48870008881204,319.9937199541376,314.2544456285954,482.74536574713056,756.231313468203,1231.8064355464448,3432255.276042527,8315319.3603241965,12011921.63063237,16560908.640850004,20863066880.17931,142836388904.00708,45481297.460421935,66801584.32249951,1000099999972.48,3432255276042.527,8315319360324.196,12011921630632.371,16560908640850.004,2.086306688017932e+16,1.4283638890400709e+17,45481297460421.93,66801584322499.516,1.00009999997248e+18,152.0,305.70000000000005,493.5,838.5,1036.7291666666667,711.9316370382568,1679.25,1961.1000000000001,3000.0,1.0,1.0,1.0,1.0,1.0,0.0,1.0,1.0,1.0,100.0,100.0,100.0,100.0,100.0,0.0,100.0,100.0,100.0,0.0,0.0,0.0,0.0,0.0,0.0,0.0,0.0,0.0
193,1.00009999997248e+18,100.0,100.0,100.0,27.520000000001502,1,0,1230.9872830749955,2752,1000099999972.48,"[1.0, 100.0, -27.520000000001502, -0.0]",0.1,0.25,immediate,1,0,1.0,1.0,0,48,48,0,0,48,1,46,1,47,1,530.2300000000049,61632.4299999999,53023,6163243,29.44206689996645,2306.8634544999804,31.997026748053212,30.59523809523809,31.997026748053212,20865330349.03493,11.046458333333435,1.0,100.0,0.0,,,,,,,,3.872604370117187,5.8862375531877795,14.608858653477261,20.92170034136091,31.997026748053212,26.455764901746182,61.7938163517852,66.97912965770172,100.0,2.857142857142857,5.714285714285714,14.285714285714285,20.0,30.59523809523809,26.63023659552778,60.714285714285715,65.71428571428571,100.0,3.872604370117187,5.8862375531877795,14.608858653477261,20.92170034136091,31.997026748053212,26.455764901746182,61.7938163517852,66.97912965770172,100.0,1.5600000000000012,2.2759999999999954,5.432499999999928,8.054999999999872,11.046458333333435,7.814195013346058,17.887499999999996,21.26500000000053,30.00000000000189,29.896876133978367,54.02085668817163,143.0804440677166,194.37034850550117,346.37261557087203,325.1787346892323,690.7514137888884,753.1277414673401,1231.8064355464448,3872602.810116187,5886235.277186779,14608853.43097626,20921692.436359912,20865330349.03493,142836058864.6827,61793797.049284205,66979112.112700716,1000099999972.48,3872602810116.187,5886235277186.779,14608853430976.262,20921692436359.91,2.086533034903493e+16,1.428360588646827e+17,61793797049284.2,66979112112700.72,1.00009999997248e+18,156.0,227.6,543.25,805.5,1104.6458333333333,781.4195013345726,1788.75,2126.5000000000005,3000.0,1.0,1.0,1.0,1.0,1.0,0.0,1.0,1.0,1.0,100.0,100.0,100.0,100.0,100.0,0.0,100.0,100.0,100.0,0.0,0.0,0.0,0.0,0.0,0.0,0.0,0.0,0.0
194,1.00009999997248e+18,100.0,100.0,100.0,27.520000000001502,1,0,1230.9872830749955,2752,1000099999972.48,"[1.0, 100.0, -27.520000000001502, -0.0]",0.1,0.25,immediate,1,0,1.0,1.0,0,48,48,0,0,48,2,45,1,47,1,587.470000000006,62219.89999999991,58747,6221990,30.90598590002628,2337.8920074999915,36.90348274163479,35.595238095238095,36.90348274163479,41703570137.16934,12.238958333333459,1.0,100.0,0.0,,,,,,,,5.751816885811942,11.545236587524414,14.222252709524973,16.980291094098774,36.90348274163479,28.747484492063954,66.4991810539077,67.0876806248611,100.0,5.714285714285714,10.571428571428573,13.571428571428571,14.285714285714285,35.595238095238095,28.920241795108286,65.71428571428571,65.71428571428571,100.0,5.751816885811942,11.545236587524414,14.222252709524973,16.980291094098774,36.90348274163479,28.747484492063954,66.4991810539077,67.0876806248611,100.0,2.2199999999999966,4.313999999999952,6.507499999999906,7.814999999999878,12.238958333333459,7.700177822509643,18.400000000000077,21.0940000000005,30.00000000000189,51.915945172309875,113.47952860798833,134.4147096797824,153.94665985271422,405.38720371015825,350.54504264776347,738.6598258685735,760.400812573429,1231.8064355464448,5751814.665810942,11545229.640523415,14222247.722023973,16980284.864097774,41703570137.16934,199839471635.96466,66499163.153906696,67087661.86486009,1000099999972.48,5751814665810.941,11545229640523.414,14222247722023.973,16980284864097.773,4.1703570137169336e+16,1.9983947163596467e+17,66499163153906.695,67087661864860.09,1.00009999997248e+18,222.0,431.4,650.75,781.5,1223.8958333333333,770.0177822509288,1840.0,2109.4,3000.0,1.0,1.0,1.0,1.0,1.0,0.0,1.0,1.0,1.0,100.0,100.0,100.0,100.0,100.0,0.0,100.0,100.0,100.0,0.0,0.0,0.0,0.0,0.0,0.0,0.0,0.0,0.0
195,1.00009999997248e+18,100.0,100.0,100.0,27.520000000001502,1,0,1230.9872830749955,2752,1000099999972.48,"[1.0, 100.0, -27.520000000001502, -0.0]",0.1,0.25,immediate,1,0,1.0,1.0,0,48,48,0,0,48,2,45,1,47,1,571.5500000000079,62791.44999999992,57155,6279145,30.44248470000457,2368.458584600012,32.16165565559063,30.773809523809522,32.16165565559063,41698828310.41496,11.907291666666831,1.0,100.0,0.0,,,,,,,,3.8165228707449774,9.85012572152274,12.865473883492607,16.453565870012554,32.16165565559063,27.896540830087893,66.02395586022982,67.22856192205239,100.0,2.857142857142857,8.571428571428571,11.428571428571429,14.285714285714285,30.773809523809522,28.153125896291275,65.71428571428571,65.71428571428571,100.0,3.8165228707449774,9.85012572152274,12.865473883492607,16.453565870012554,32.16165565559063,27.896540830087893,66.02395586022982,67.22856192205239,100.0,1.5400000000000011,3.4469999999999703,4.984999999999938,8.484999999999864,11.907291666666831,8.255313879451863,18.30750000000006,22.806000000000772,30.00000000000189,29.310444742441177,104.7877609565854,137.5852952276182,154.9161302430948,353.7492555782704,335.7625418044622,729.5999208117319,757.4394094214986,1230.9872830749955,3816521.3307439773,9850118.79252174,12865464.238491608,16453560.290011555,41698828310.41496,199840460187.04572,66023935.51022883,67228543.74405138,1000099999972.48,3816521330743.9775,9850118792521.74,12865464238491.607,16453560290011.555,4.169882831041496e+16,1.9984046018704566e+17,66023935510228.83,67228543744051.39,1.00009999997248e+18,154.0,344.7,498.5,848.5,1190.7291666666667,825.5313879451459,1830.75,2280.6000000000004,3000.0,1.0,1.0,1.0,1.0,1.0,0.0,1.0,1.0,1.0,100.0,100.0,100.0,100.0,100.0,0.0,100.0,100.0,100.0,0.0,0.0,0.0,0.0,0.0,0.0,0.0,0.0,0.0
196,1.00009999997248e+18,100.0,100.0,100.0,27.520000000001502,1,0,1230.9872830749955,2752,1000099999972.48,"[1.0, 100.0, -27.520000000001502, -0.0]",0.1,0.25,immediate,1,0,1.0,1.0,0,48,48,0,0,48,2,46,0,48,0,599.4900000000079,63390.93999999992,59949,6339094,31.16882479999913,2399.742848199967,36.43889270610644,35.11904761904762,36.43889270610644,41703105546.8834,12.489375000000164,1.0,100.0,0.0,,,,,,,,5.8165740966796875,13.1807370867048,15.740795135498047,17.164290291922434,36.43889270610644,27.572632661999855,66.2001280221935,67.07722073056988,100.0,5.714285714285714,10.571428571428573,14.285714285714285,15.714285714285714,35.11904761904762,28.030342726743186,65.71428571428571,65.71428571428571,100.0,5.8165740966796875,13.1807370867048,15.740795135498047,17.164290291922434,36.43889270610644,27.572632661999855,66.2001280221935,67.07722073056988,100.0,2.239999999999996,4.663999999999945,5.412499999999929,8.19999999999987,12.489375000000164,7.845265930868584,19.89500000000031,23.098000000000813,29.03000000000174,52.6612735837698,132.37986026840517,141.87282834143116,164.64985892815093,398.30877671336384,339.5528963862616,739.7885807538987,751.1487573431732,1230.9872830749955,5816571.856678687,13180729.5917038,15740790.097997047,17164282.806921434,41703105546.8834,199839568337.78168,66200108.4596925,67077200.53856887,1000099999972.48,5816571856678.6875,13180729591703.8,15740790097997.047,17164282806921.434,4.17031055468834e+16,1.9983956833778166e+17,66200108459692.5,67077200538568.875,1.00009999997248e+18,224.0,466.4,541.25,820.0,1248.9375,784.5265930868225,1989.5,2309.8,2903.0,1.0,1.0,1.0,1.0,1.0,0.0,1.0,1.0,1.0,100.0,100.0,100.0,100.0,100.0,0.0,100.0,100.0,100.0,0.0,0.0,0.0,0.0,0.0,0.0,0.0,0.0,0.0
197,1.00009999997248e+18,100.0,100.0,100.0,27.520000000001502,1,0,1230.9872830749955,2752,1000099999972.48,"[1.0, 100.0, -27.520000000001502, -0.0]",0.1,0.25,immediate,1,0,1.0,1.0,0,48,48,0,0,48,2,46,0,48,0,589.0200000000054,63979.95999999993,58902,6397996,31.381780299998354,2431.2235563999857,33.134308430867065,31.78571428571428,33.134308430867065,41699800962.82629,12.271250000000114,1.0,100.0,0.0,,,,,,,,5.406254359654017,5.998882293701172,13.630760737827845,20.487848009381977,33.134308430867065,27.412154602183527,66.7018421869957,67.45011261835447,100.0,2.857142857142857,5.714285714285714,11.428571428571429,20.0,31.78571428571428,27.377587784996145,65.71428571428571,65.71428571428571,100.0,5.406254359654017,5.998882293701172,13.630760737827845,20.487848009381977,33.134308430867065,27.412154602183527,66.7018421869957,67.45011261835447,100.0,2.109999999999999,2.330999999999994,7.144999999999892,8.849999999999856,12.271250000000114,7.440434470121469,19.385000000000232,22.51500000000072,29.03000000000174,47.89700450003147,56.102368189394475,137.3416859306526,190.62137586608878,358.77918482915464,329.84832732701295,727.7268147582181,755.2101600679002,1230.9872830749955,5406252.249653017,5998879.962700171,13630752.757826844,20487839.654380977,41699800962.82629,199840257322.22183,66701818.16449471,67450092.36535347,1000099999972.48,5406252249653.018,5998879962700.172,13630752757826.846,20487839654380.977,4.169980096282628e+16,1.9984025732222182e+17,66701818164494.71,67450092365353.47,1.00009999997248e+18,211.0,233.1,714.5,885.0,1227.125,744.0434470121128,1938.5,2251.5,2903.0,1.0,1.0,1.0,1.0,1.0,0.0,1.0,1.0,1.0,100.0,100.0,100.0,100.0,100.0,0.0,100.0,100.0,100.0,0.0,0.0,0.0,0.0,0.0,0.0,0.0,0.0,0.0
198,1.00009999997248e+18,100.0,100.0,100.0,27.520000000001502,1,0,1230.9872830749955,2752,1000099999972.48,"[1.0, 100.0, -27.520000000001502, -0.0]",0.1,0.25,immediate,1,0,1.0,1.0,0,48,48,0,0,48,2,46,0,48,0,590.1400000000058,64570.09999999993,59014,6457010,31.62147939996794,2462.95740319998,35.60129444427772,34.047619047619044,35.60129444427772,41702267948.81636,12.294583333333454,1.0,100.0,0.0,,,,,,,,3.9552198137555803,5.897803170340402,11.608610834394181,16.89277376447405,35.60129444427772,29.38000093672708,66.65740916203818,67.23427154291309,100.0,2.857142857142857,5.714285714285714,10.714285714285715,14.285714285714285,34.047619047619044,29.622530801161464,65.71428571428571,65.71428571428571,100.0,3.9552198137555803,5.897803170340402,11.608610834394181,16.89277376447405,35.60129444427772,29.38000093672708,66.65740916203818,67.23427154291309,100.0,1.5900000000000012,2.2849999999999953,6.507499999999906,9.394999999999843,12.294583333333454,7.789959873221019,18.81750000000014,21.52500000000057,29.03000000000174,30.78623978048563,54.35637556612492,126.51275776882176,154.4286666868211,390.31556142186736,345.71160001930514,731.2072655903848,756.4034793286992,1230.9872830749955,3955218.22375458,5897800.885339403,11608603.726893181,16892765.77447305,41702267948.81636,199839743234.93362,66657389.78203718,67234253.50091209,1000099999972.48,3955218223754.58,5897800885339.402,11608603726893.182,16892765774473.05,4.170226794881636e+16,1.998397432349336e+17,66657389782037.19,67234253500912.086,1.00009999997248e+18,159.0,228.5,650.75,939.5,1229.4583333333333,778.9959873220714,1881.75,2152.5000000000005,2903.0,1.0,1.0,1.0,1.0,1.0,0.0,1.0,1.0,1.0,100.0,100.0,100.0,100.0,100.0,0.0,100.0,100.0,100.0,0.0,0.0,0.0,0.0,0.0,0.0,0.0,0.0,0.0
199,1.00009999997322e+18,100.0,100.0,100.0,26.780000000001387,1,0,1221.4495077319443,2678,1000099999973.22,"[1.0, 100.0, -26.780000000001387, -0.0]",0.1,0.25,immediate,1,0,1.0,1.0,0,48,48,0,0,48,3,44,1,47,1,472.7700000000051,65042.86999999994,47277,6504287,23.973249300033785,2487.0396512000007,29.051884712070066,27.61904761904762,29.051884712070066,62529051874.86269,9.849375000000107,1.0,100.0,0.0,,,,,,,,3.6802782331194197,5.767090388706752,11.505861282348633,15.733372824532644,29.051884712070066,28.210486188701054,36.785370281764436,67.19388456825585,100.0,2.857142857142857,4.857142857142858,10.714285714285715,14.285714285714285,27.61904761904762,28.388302020550245,34.285714285714285,65.71428571428571,100.0,3.6802782331194197,5.767090388706752,11.505861282348633,15.733372824532644,29.051884712070066,28.210486188701054,36.785370281764436,67.19388456825585,100.0,1.500000000000001,2.2699999999999956,4.372499999999951,6.954999999999896,9.849375000000107,7.929397677380524,16.397499999999763,21.686000000000593,30.00000000000189,27.85516831278801,52.67226209715009,117.70342200956657,143.09461111202836,311.9573840325925,344.9607879636933,380.7362143613627,748.3830095607096,1230.9872830749955,3680276.73311842,5767088.148705752,11505854.287347633,15733368.109531645,62529051874.86269,242079778808.5597,36785353.04426344,67193867.39025486,1000099999973.22,3680276733118.42,5767088148705.752,11505854287347.633,15733368109531.645,6.2529051874862696e+16,2.4207977880855968e+17,36785353044263.44,67193867390254.86,1.00009999997322e+18,150.0,227.0,437.25,695.5,984.9375,792.9397677380147,1639.75,2168.6000000000004,3000.0,1.0,1.0,1.0,1.0,1.0,0.0,1.0,1.0,1.0,100.0,100.0,100.0,100.0,100.0,0.0,100.0,100.0,100.0,0.0,0.0,0.0,0.0,0.0,0.0,0.0,0.0,0.0
200,1.00009999997322e+18,100.0,100.0,100.0,26.780000000001387,1,0,1221.4495077319443,2678,1000099999973.22,"[1.0, 100.0, -26.780000000001387, -0.0]",0.1,0.25,immediate,1,0,1.0,1.0,0,48,48,0,0,48,2,44,2,46,2,575.6200000000081,65618.48999999995,57562,6561849,31.875712000008207,2519.042666399968,33.90770786269752,32.5,33.90770786269752,41700574362.53728,11.992083333333502,1.0,100.0,0.0,,,,,,,,0.53466796875,5.689519609723773,12.567113467625209,17.185126713344026,33.90770786269752,30.132845043438458,66.86280597655485,79.69621222359795,100.0,0.0,4.857142857142858,11.428571428571429,15.714285714285714,32.5,29.91271315282626,65.71428571428571,78.00000000000001,100.0,0.53466796875,5.689519609723773,12.567113467625209,17.185126713344026,33.90770786269752,30.132845043438458,66.86280597655485,79.69621222359795,100.0,1.6500000000000012,2.253999999999996,5.81999999999992,8.654999999999859,11.992083333333502,8.337014593149993,18.36250000000007,23.771000000000917,30.00000000000189,20.429487586021423,53.185587325692175,140.62973907589912,163.84125166889862,379.376653199956,361.13272624683447,743.0870135904916,943.8170425518891,1230.9872830749955,534651.128749,5689517.411722773,12567103.102624208,17185118.853343025,41700574362.53728,199840096460.37436,66862783.52655385,79696188.82459727,1000099999973.22,534651128749.0,5689517411722.772,12567103102624.207,17185118853343.027,4.170057436253729e+16,1.9984009646037434e+17,66862783526553.84,79696188824597.27,1.00009999997322e+18,165.0,225.4,582.0,865.5,1199.2083333333333,833.701459314957,1836.25,2377.1000000000004,3000.0,1.0,1.0,1.0,1.0,1.0,0.0,1.0,1.0,1.0,100.0,100.0,100.0,100.0,100.0,0.0,100.0,100.0,100.0,0.0,0.0,0.0,0.0,0.0,0.0,0.0,0.0,0.0
